0	1	0	0	6.28	-19.7592	6.28
0.01	0.998027	0.0627587	-0.394525	6.26761	-19.7592	6.28
0.02	0.992115	0.12527	-0.787498	6.23048	-19.7592	6.28
0.03	0.982287	0.187286	-1.17737	6.16876	-19.7592	6.28
0.04	0.968583	0.248564	-1.56261	6.08269	-19.7592	6.28
0.05	0.951055	0.30886	-1.94171	5.97261	-19.7592	6.28
0.06	0.929774	0.367937	-2.31316	5.83895	-19.7592	6.28
0.07	0.904823	0.425562	-2.6755	5.68223	-19.7592	6.28
0.08	0.876299	0.481507	-3.02731	5.50306	-19.7592	6.28
0.09	0.844316	0.535551	-3.3672	5.30215	-19.7592	6.28
0.1	0.808999	0.58748	-3.69384	5.08028	-19.7592	6.28
0.11	0.770488	0.63709	-4.00592	4.83833	-19.7592	6.28
0.12	0.728934	0.684183	-4.30221	4.57723	-19.7592	6.28
0.13	0.6845	0.728574	-4.58155	4.29803	-19.7592	6.28
0.14	0.637363	0.770087	-4.84283	4.0018	-19.7592	6.28
0.15	0.587707	0.808557	-5.08502	3.68972	-19.7592	6.28
0.16	0.535729	0.843832	-5.30714	3.36301	-19.7592	6.28
0.17	0.481634	0.875773	-5.50833	3.02295	-19.7592	6.28
0.18	0.425635	0.904251	-5.68777	2.67089	-19.7592	6.28
0.19	0.367954	0.929155	-5.84476	2.3082	-19.7592	6.28
0.2	0.308817	0.950385	-5.97866	1.93633	-19.7592	6.28
0.21	0.248459	0.967856	-6.08894	1.55672	-19.7592	6.28
0.22	0.187118	0.981498	-6.17516	1.17089	-19.7592	6.28
0.23	0.125037	0.991258	-6.23695	0.780356	-19.7592	6.28
0.24	0.0624616	0.997095	-6.27408	0.386657	-19.7592	6.28
0.25	-0.000361381	0.998986	-6.28637	-0.00864797	-19.7592	6.28
0.26	-0.0631829	0.996922	-6.27379	-0.403994	-19.7592	6.28
0.27	-0.125754	0.990911	-6.23635	-0.797816	-19.7592	6.28
0.28	-0.187828	0.980976	-6.17422	-1.18855	-19.7592	6.28
0.29	-0.249157	0.967155	-6.08761	-1.57465	-19.7592	6.28
0.3	-0.309499	0.949503	-5.97687	-1.95459	-19.7592	6.28
0.31	-0.368615	0.928089	-5.84242	-2.32685	-19.7592	6.28
0.32	-0.42627	0.902997	-5.6848	-2.68995	-19.7592	6.28
0.33	-0.482236	0.874325	-5.50461	-3.04245	-19.7592	6.28
0.34	-0.53629	0.842188	-5.30257	-3.38295	-19.7592	6.28
0.35	-0.588217	0.806711	-5.07947	-3.71009	-19.7592	6.28
0.36	-0.637812	0.768035	-4.83619	-4.02257	-19.7592	6.28
0.37	-0.684877	0.726313	-4.57369	-4.31913	-19.7592	6.28
0.38	-0.729225	0.681709	-4.29301	-4.59861	-19.7592	6.28
0.39	-0.77068	0.634401	-3.99526	-4.85987	-19.7592	6.28
0.4	-0.809077	0.584576	-3.68162	-5.10188	-19.7592	6.28
0.41	-0.844263	0.532431	-3.35333	-5.32367	-19.7592	6.28
0.42	-0.876099	0.478173	-3.0117	-5.52436	-19.7592	6.28
0.43	-0.904458	0.422017	-2.65809	-5.70313	-19.7592	6.28
0.44	-0.929226	0.364186	-2.29389	-5.85928	-19.7592	6.28
0.45	-0.950305	0.304909	-1.92057	-5.99218	-19.7592	6.28
0.46	-0.967612	0.244421	-1.5396	-6.1013	-19.7592	6.28
0.47	-0.981076	0.182964	-1.15249	-6.1862	-19.7592	6.28
0.48	-0.990646	0.120779	-0.760799	-6.24654	-19.7592	6.28
0.49	-0.996282	0.0581154	-0.366076	-6.28208	-19.7592	6.28
0.5	-0.997963	-0.00477918	0.030105	-6.29268	-19.7592	6.28
0.51	-0.995681	-0.0676548	0.426166	-6.27829	-19.7592	6.28
0.52	-0.989445	-0.130262	0.82053	-6.23897	-19.7592	6.28
0.53	-0.979281	-0.192352	1.21163	-6.17488	-19.7592	6.28
0.54	-0.965229	-0.253678	1.5979	-6.08628	-19.7592	6.28
0.55	-0.947344	-0.313997	1.97781	-5.97352	-19.7592	6.28
0.56	-0.925699	-0.373069	2.34984	-5.83705	-19.7592	6.28
0.57	-0.900379	-0.43066	2.71252	-5.67742	-19.7592	6.28
0.58	-0.871484	-0.486542	3.0644	-5.49527	-19.7592	6.28
0.59	-0.839131	-0.540493	3.40409	-5.29132	-19.7592	6.28
0.6	-0.803448	-0.592299	3.73023	-5.0664	-19.7592	6.28
0.61	-0.764576	-0.641754	4.04154	-4.8214	-19.7592	6.28
0.62	-0.722671	-0.688663	4.33677	-4.5573	-19.7592	6.28
0.63	-0.677898	-0.73284	4.61476	-4.27516	-19.7592	6.28
0.64	-0.630437	-0.77411	4.8744	-3.9761	-19.7592	6.28
0.65	-0.580475	-0.812309	5.11468	-3.66131	-19.7592	6.28
0.66	-0.528211	-0.847288	5.33463	-3.33206	-19.7592	6.28
0.67	-0.473853	-0.878907	5.53341	-2.98965	-19.7592	6.28
0.68	-0.417616	-0.907041	5.71021	-2.63544	-19.7592	6.28
0.69	-0.359724	-0.931581	5.86435	-2.27086	-19.7592	6.28
0.7	-0.300407	-0.952429	5.99523	-1.89734	-19.7592	6.28
0.71	-0.239899	-0.969503	6.10233	-1.51637	-19.7592	6.28
0.72	-0.178441	-0.982736	6.18524	-1.12946	-19.7592	6.28
0.73	-0.116276	-0.992077	6.24364	-0.738155	-19.7592	6.28
0.74	-0.0536504	-0.99749	6.2773	-0.344001	-19.7592	6.28
0.75	0.00918741	-0.998953	6.28611	0.0514399	-19.7592	6.28
0.76	0.0719888	-0.996462	6.27003	0.446601	-19.7592	6.28
0.77	0.134505	-0.990027	6.22915	0.83992	-19.7592	6.28
0.78	0.19649	-0.979675	6.16363	1.22984	-19.7592	6.28
0.79	0.257697	-0.965447	6.07373	1.61482	-19.7592	6.28
0.8	0.317884	-0.9474	5.95983	1.99335	-19.7592	6.28
0.81	0.376815	-0.925606	5.82239	2.36392	-19.7592	6.28
0.82	0.434255	-0.900153	5.66195	2.72508	-19.7592	6.28
0.83	0.489979	-0.871141	5.47915	3.07541	-19.7592	6.28
0.84	0.543766	-0.838685	5.27473	3.41353	-19.7592	6.28
0.85	0.595404	-0.802915	5.0495	3.7381	-19.7592	6.28
0.86	0.64469	-0.763973	4.80435	4.04785	-19.7592	6.28
0.87	0.691428	-0.722012	4.54026	4.34156	-19.7592	6.28
0.88	0.735435	-0.677199	4.25827	4.61809	-19.7592	6.28
0.89	0.776538	-0.629711	3.9595	4.87634	-19.7592	6.28
0.9	0.814573	-0.579736	3.64513	5.1153	-19.7592	6.28
0.91	0.849392	-0.527472	3.3164	5.33404	-19.7592	6.28
0.92	0.880858	-0.473126	2.97461	5.5317	-19.7592	6.28
0.93	0.908845	-0.416911	2.6211	5.7075	-19.7592	6.28
0.94	0.933245	-0.359051	2.25728	5.86075	-19.7592	6.28
0.95	0.953961	-0.299773	1.88458	5.99087	-19.7592	6.28
0.96	0.970912	-0.239313	1.50445	6.09732	-19.7592	6.28
0.97	0.984031	-0.177907	1.11841	6.17971	-19.7592	6.28
0.98	0.993266	-0.1158	0.727965	6.23771	-19.7592	6.28
0.99	0.99858	-0.0532352	0.334657	6.27109	-19.7592	6.28
1	0.999954	0.00953949	-0.0599688	6.27971	-19.7592	6.28
1.01	0.997382	0.0722765	-0.454358	6.26356	-19.7592	6.28
1.02	0.990873	0.134728	-0.84696	6.22268	-19.7592	6.28
1.03	0.980454	0.196648	-1.23623	6.15725	-19.7592	6.28
1.04	0.966165	0.257792	-1.62063	6.06751	-19.7592	6.28
1.05	0.948062	0.317919	-1.99866	5.95382	-19.7592	6.28
1.06	0.926218	0.37679	-2.36882	5.81661	-19.7592	6.28
1.07	0.900717	0.434174	-2.72966	5.65644	-19.7592	6.28
1.08	0.87166	0.489844	-3.07975	5.47392	-19.7592	6.28
1.09	0.839162	0.543581	-3.41771	5.26978	-19.7592	6.28
1.1	0.803351	0.595171	-3.74221	5.0448	-19.7592	6.28
1.11	0.764367	0.64441	-4.05197	4.79987	-19.7592	6.28
1.12	0.722365	0.691105	-4.34577	4.53596	-19.7592	6.28
1.13	0.677509	0.735069	-4.62243	4.2541	-19.7592	6.28
1.14	0.629977	0.77613	-4.88088	3.95538	-19.7592	6.28
1.15	0.579956	0.814125	-5.12008	3.641	-19.7592	6.28
1.16	0.527643	0.848902	-5.33908	3.31218	-19.7592	6.28
1.17	0.473245	0.880325	-5.53701	2.97021	-19.7592	6.28
1.18	0.416976	0.908267	-5.71309	2.61644	-19.7592	6.28
1.19	0.359058	0.932619	-5.8666	2.25227	-19.7592	6.28
1.2	0.299721	0.953283	-5.99695	1.87912	-19.7592	6.28
1.21	0.239198	0.970176	-6.1036	1.49848	-19.7592	6.28
1.22	0.177729	0.983232	-6.18612	1.11183	-19.7592	6.28
1.23	0.115557	0.992398	-6.24418	0.720714	-19.7592	6.28
1.24	0.0529278	0.997637	-6.27755	0.32667	-19.7592	6.28
1.25	-0.00991093	0.998927	-6.28606	-0.0687416	-19.7592	6.28
1.26	-0.0727105	0.996262	-6.2697	-0.463957	-19.7592	6.28
1.27	-0.135222	0.989653	-6.2285	-0.85741	-19.7592	6.28
1.28	-0.197198	0.979125	-6.16263	-1.24754	-19.7592	6.28
1.29	-0.258393	0.964719	-6.07233	-1.63281	-19.7592	6.28
1.3	-0.318565	0.94649	-5.95796	-2.01167	-19.7592	6.28
1.31	-0.377474	0.924512	-5.81996	-2.38263	-19.7592	6.28
1.32	-0.434887	0.898869	-5.65886	-2.74422	-19.7592	6.28
1.33	-0.490576	0.869663	-5.47531	-3.09499	-19.7592	6.28
1.34	-0.54432	0.83701	-5.27001	-3.43354	-19.7592	6.28
1.35	-0.595906	0.801038	-5.04379	-3.75854	-19.7592	6.28
1.36	-0.645129	0.761889	-4.79752	-4.06867	-19.7592	6.28
1.37	-0.691793	0.719718	-4.53219	-4.36272	-19.7592	6.28
1.38	-0.735713	0.674692	-4.24884	-4.6395	-19.7592	6.28
1.39	-0.776714	0.626989	-3.9486	-4.8979	-19.7592	6.28
1.4	-0.814633	0.576799	-3.63266	-5.1369	-19.7592	6.28
1.41	-0.849319	0.524319	-3.30226	-5.35554	-19.7592	6.28
1.42	-0.880634	0.469759	-2.95872	-5.55295	-19.7592	6.28
1.43	-0.908454	0.413334	-2.60341	-5.72833	-19.7592	6.28
1.44	-0.932668	0.355268	-2.23773	-5.88099	-19.7592	6.28
1.45	-0.953179	0.295792	-1.86315	-6.0103	-19.7592	6.28
1.46	-0.969906	0.235141	-1.48115	-6.11577	-19.7592	6.28
1.47	-0.982782	0.173557	-1.09324	-6.19696	-19.7592	6.28
1.48	-0.991756	0.111284	-0.70099	-6.25354	-19.7592	6.28
1.49	-0.996793	0.0485693	-0.305944	-6.2853	-19.7592	6.28
1.5	-0.997871	-0.0143385	0.0903205	-6.2921	-19.7592	6.28
1.51	-0.994987	-0.0771894	0.486225	-6.27392	-19.7592	6.28
1.52	-0.988153	-0.139734	0.880194	-6.23082	-19.7592	6.28
1.53	-0.977395	-0.201723	1.27066	-6.16299	-19.7592	6.28
1.54	-0.962757	-0.262912	1.65606	-6.07069	-19.7592	6.28
1.55	-0.944296	-0.323057	2.03487	-5.9543	-19.7592	6.28
1.56	-0.922086	-0.381919	2.40558	-5.81427	-19.7592	6.28
1.57	-0.896216	-0.439265	2.76671	-5.65118	-19.7592	6.28
1.58	-0.866789	-0.494868	3.11683	-5.46567	-19.7592	6.28
1.59	-0.833921	-0.548507	3.45454	-5.25848	-19.7592	6.28
1.6	-0.797744	-0.599968	3.77851	-5.03045	-19.7592	6.28
1.61	-0.758401	-0.649049	4.08745	-4.78248	-19.7592	6.28
1.62	-0.716049	-0.695555	4.38014	-4.51557	-19.7592	6.28
1.63	-0.670856	-0.739301	4.65541	-4.23079	-19.7592	6.28
1.64	-0.623003	-0.780115	4.91218	-3.92926	-19.7592	6.28
1.65	-0.572678	-0.817834	5.14943	-3.61219	-19.7592	6.28
1.66	-0.520082	-0.852311	5.36622	-3.28085	-19.7592	6.28
1.67	-0.465425	-0.883408	5.5617	-2.93656	-19.7592	6.28
1.68	-0.408922	-0.911003	5.7351	-2.58069	-19.7592	6.28
1.69	-0.350798	-0.934988	5.88575	-2.21465	-19.7592	6.28
1.7	-0.291285	-0.955267	6.01304	-1.8399	-19.7592	6.28
1.71	-0.230617	-0.971762	6.11649	-1.45793	-19.7592	6.28
1.72	-0.169036	-0.984407	6.1957	-1.07026	-19.7592	6.28
1.73	-0.106785	-0.993153	6.25035	-0.678418	-19.7592	6.28
1.74	-0.0441113	-0.997967	6.28024	-0.283968	-19.7592	6.28
1.75	0.018737	-0.998829	6.28527	0.111531	-19.7592	6.28
1.76	0.0815111	-0.995738	6.26542	0.506513	-19.7592	6.28
1.77	0.143963	-0.988706	6.22078	0.899416	-19.7592	6.28
1.78	0.205845	-0.977762	6.15153	1.28869	-19.7592	6.28
1.79	0.266912	-0.962949	6.05796	1.67278	-19.7592	6.28
1.8	0.326924	-0.944328	5.94046	2.0502	-19.7592	6.28
1.81	0.385643	-0.921973	5.79948	2.41943	-19.7592	6.28
1.82	0.442837	-0.895972	5.6356	2.77904	-19.7592	6.28
1.83	0.498281	-0.866429	5.44947	3.1276	-19.7592	6.28
1.84	0.551755	-0.833461	5.24183	3.46374	-19.7592	6.28
1.85	0.603049	-0.797199	5.01351	3.78614	-19.7592	6.28
1.86	0.651959	-0.757788	4.76542	4.09353	-19.7592	6.28
1.87	0.698294	-0.715383	4.49854	4.38471	-19.7592	6.28
1.88	0.741871	-0.670152	4.21393	4.65853	-19.7592	6.28
1.89	0.782518	-0.622274	3.91271	4.91391	-19.7592	6.28
1.9	0.820074	-0.571938	3.59608	5.14986	-19.7592	6.28
1.91	0.854392	-0.519344	3.26528	5.36545	-19.7592	6.28
1.92	0.885336	-0.4647	2.92162	5.55983	-19.7592	6.28
1.93	0.912786	-0.408221	2.56646	5.73225	-19.7592	6.28
1.94	0.936632	-0.350131	2.20119	5.88203	-19.7592	6.28
1.95	0.956781	-0.290658	1.82727	6.00858	-19.7592	6.28
1.96	0.973153	-0.230038	1.44615	6.1114	-19.7592	6.28
1.97	0.985685	-0.16851	1.05934	6.1901	-19.7592	6.28
1.98	0.994326	-0.106318	0.668356	6.24437	-19.7592	6.28
1.99	0.999043	-0.0437052	0.274748	6.27399	-19.7592	6.28
2	0.999817	0.0190797	-0.119942	6.27886	-19.7592	6.28
2.01	0.996646	0.0817893	-0.51416	6.25894	-19.7592	6.28
2.02	0.989541	0.144176	-0.906355	6.21432	-19.7592	6.28
2.03	0.978531	0.205994	-1.29498	6.14517	-19.7592	6.28
2.04	0.963658	0.266999	-1.67852	6.05177	-19.7592	6.28
2.05	0.944982	0.32695	-2.05544	5.93447	-19.7592	6.28
2.06	0.922576	0.38561	-2.42428	5.79374	-19.7592	6.28
2.07	0.896529	0.442748	-2.78357	5.63013	-19.7592	6.28
2.08	0.866941	0.498139	-3.13191	5.44428	-19.7592	6.28
2.09	0.833932	0.551562	-3.46791	5.23692	-19.7592	6.28
2.1	0.797629	0.602808	-3.79026	5.00885	-19.7592	6.28
2.11	0.758176	0.651673	-4.09767	4.76098	-19.7592	6.28
2.12	0.715729	0.697965	-4.38893	4.49427	-19.7592	6.28
2.13	0.670455	0.741499	-4.6629	4.20977	-19.7592	6.28
2.14	0.622533	0.782104	-4.91849	3.9086	-19.7592	6.28
2.15	0.57215	0.819619	-5.15467	3.59194	-19.7592	6.28
2.16	0.519507	0.853896	-5.37053	3.26103	-19.7592	6.28
2.17	0.46481	0.884797	-5.56519	2.91719	-19.7592	6.28
2.18	0.408276	0.912201	-5.73788	2.56175	-19.7592	6.28
2.19	0.350128	0.935998	-5.88792	2.19612	-19.7592	6.28
2.2	0.290596	0.956094	-6.01469	1.82173	-19.7592	6.28
2.21	0.229914	0.972408	-6.1177	1.44008	-19.7592	6.28
2.22	0.168322	0.984876	-6.19653	1.05266	-19.7592	6.28
2.23	0.106065	0.993447	-6.25085	0.660994	-19.7592	6.28
2.24	0.0433877	0.998087	-6.28044	0.266642	-19.7592	6.28
2.25	-0.0194612	0.998776	-6.28518	-0.128841	-19.7592	6.28
2.26	-0.082233	0.995512	-6.26504	-0.523889	-19.7592	6.28
2.27	-0.144679	0.988305	-6.22008	-0.916939	-19.7592	6.28
2.28	-0.206552	0.977185	-6.15048	-1.30643	-19.7592	6.28
2.29	-0.267607	0.962194	-6.0565	-1.69082	-19.7592	6.28
2.3	-0.327602	0.943391	-5.9385	-2.06858	-19.7592	6.28
2.31	-0.386299	0.920849	-5.79695	-2.43821	-19.7592	6.28
2.32	-0.443465	0.894658	-5.6324	-2.79825	-19.7592	6.28
2.33	-0.498872	0.864921	-5.4455	-3.14725	-19.7592	6.28
2.34	-0.552302	0.831755	-5.23697	-3.48383	-19.7592	6.28
2.35	-0.603542	0.79529	-5.00764	-3.80665	-19.7592	6.28
2.36	-0.652389	0.755672	-4.75841	-4.11442	-19.7592	6.28
2.37	-0.698648	0.713056	-4.49027	-4.40591	-19.7592	6.28
2.38	-0.742135	0.667612	-4.20429	-4.67997	-19.7592	6.28
2.39	-0.782678	0.619519	-3.90158	-4.93549	-19.7592	6.28
2.4	-0.820115	0.568967	-3.58336	-5.17146	-19.7592	6.28
2.41	-0.854297	0.516158	-3.25088	-5.38692	-19.7592	6.28
2.42	-0.885089	0.4613	-2.90546	-5.58103	-19.7592	6.28
2.43	-0.912368	0.404611	-2.54848	-5.753	-19.7592	6.28
2.44	-0.936025	0.346316	-2.18135	-5.90215	-19.7592	6.28
2.45	-0.955966	0.286646	-1.80555	-6.02788	-19.7592	6.28
2.46	-0.972112	0.225838	-1.42255	-6.12968	-19.7592	6.28
2.47	-0.984398	0.164134	-1.03389	-6.20715	-19.7592	6.28
2.48	-0.992776	0.101777	-0.641107	-6.25997	-19.7592	6.28
2.49	-0.997212	0.0390171	-0.245774	-6.28794	-19.7592	6.28
2.5	-0.997688	-0.0238981	0.150538	-6.29095	-19.7592	6.28
2.51	-0.994203	-0.0867185	0.54625	-6.26897	-19.7592	6.28
2.52	-0.98677	-0.149195	0.939787	-6.2221	-19.7592	6.28
2.53	-0.97542	-0.211078	1.32958	-6.15054	-19.7592	6.28
2.54	-0.960196	-0.272124	1.71408	-6.05455	-19.7592	6.28
2.55	-0.941161	-0.332089	2.09175	-5.93453	-19.7592	6.28
2.56	-0.918389	-0.390736	2.4611	-5.79096	-19.7592	6.28
2.57	-0.891971	-0.447832	2.82065	-5.62442	-19.7592	6.28
2.58	-0.862013	-0.50315	3.16897	-5.43556	-19.7592	6.28
2.59	-0.828634	-0.556471	3.50469	-5.22516	-19.7592	6.28
2.6	-0.791966	-0.607584	3.82646	-4.99403	-19.7592	6.28
2.61	-0.752156	-0.656286	4.133	-4.74312	-19.7592	6.28
2.62	-0.709361	-0.702384	4.42312	-4.47343	-19.7592	6.28
2.63	-0.663752	-0.745695	4.69564	-4.18602	-19.7592	6.28
2.64	-0.61551	-0.786049	4.94951	-3.88205	-19.7592	6.28
2.65	-0.564827	-0.823285	5.18371	-3.56273	-19.7592	6.28
2.66	-0.511905	-0.857257	5.39731	-3.22934	-19.7592	6.28
2.67	-0.456952	-0.88783	5.58949	-2.8832	-19.7592	6.28
2.68	-0.400189	-0.914883	5.75948	-2.52569	-19.7592	6.28
2.69	-0.341839	-0.93831	5.90661	-2.15823	-19.7592	6.28
2.7	-0.282135	-0.958019	6.03031	-1.78229	-19.7592	6.28
2.71	-0.221313	-0.973933	6.1301	-1.39935	-19.7592	6.28
2.72	-0.159614	-0.985988	6.20559	-1.01095	-19.7592	6.28
2.73	-0.0972828	-0.994138	6.25649	-0.618612	-19.7592	6.28
2.74	-0.0345666	-0.998352	6.28261	-0.223901	-19.7592	6.28
2.75	0.0282864	-0.998614	6.28386	0.171621	-19.7592	6.28
2.76	0.0910275	-0.994922	6.26023	0.566388	-19.7592	6.28
2.77	0.153408	-0.987294	6.21183	0.958838	-19.7592	6.28
2.78	0.215182	-0.975759	6.13887	1.34742	-19.7592	6.28
2.79	0.276105	-0.960363	6.04164	1.7306	-19.7592	6.28
2.8	0.335936	-0.94117	5.92053	2.10687	-19.7592	6.28
2.81	0.394438	-0.918254	5.77604	2.47473	-19.7592	6.28
2.82	0.45138	-0.891708	5.60873	2.83275	-19.7592	6.28
2.83	0.506538	-0.861636	5.41928	3.17951	-19.7592	6.28
2.84	0.559695	-0.82816	5.20845	3.51365	-19.7592	6.28
2.85	0.610639	-0.79141	4.97707	3.83385	-19.7592	6.28
2.86	0.65917	-0.751533	4.72606	4.13885	-19.7592	6.28
2.87	0.705098	-0.708687	4.45641	4.42746	-19.7592	6.28
2.88	0.74824	-0.663042	4.1692	4.69855	-19.7592	6.28
2.89	0.788427	-0.614779	3.86556	4.95104	-19.7592	6.28
2.9	0.825501	-0.564087	3.54669	5.18395	-19.7592	6.28
2.91	0.859314	-0.511168	3.21385	5.39637	-19.7592	6.28
2.92	0.889735	-0.456231	2.86836	5.58747	-19.7592	6.28
2.93	0.916644	-0.399492	2.51157	5.75648	-19.7592	6.28
2.94	0.939934	-0.341177	2.1449	5.90277	-19.7592	6.28
2.95	0.959514	-0.281514	1.76978	6.02574	-19.7592	6.28
2.96	0.975306	-0.220741	1.3877	6.12492	-19.7592	6.28
2.97	0.987249	-0.159097	1.00015	6.19993	-19.7592	6.28
2.98	0.995296	-0.0968242	0.608676	6.25046	-19.7592	6.28
2.99	0.999415	-0.0341696	0.214803	6.27633	-19.7592	6.28
3	0.999589	0.0286199	-0.179915	6.27743	-19.7592	6.28
3.01	0.995819	0.0912963	-0.573926	6.25375	-19.7592	6.28
3.02	0.988118	0.153613	-0.965678	6.20539	-19.7592	6.28
3.03	0.976518	0.215322	-1.35363	6.13253	-19.7592	6.28
3.04	0.961064	0.276183	-1.73626	6.03547	-19.7592	6.28
3.05	0.941816	0.335952	-2.11205	5.91459	-19.7592	6.28
3.06	0.91885	0.394396	-2.47953	5.77034	-19.7592	6.28
3.07	0.892258	0.451283	-2.83725	5.60331	-19.7592	6.28
3.08	0.862143	0.506389	-3.1838	5.41414	-19.7592	6.28
3.09	0.828624	0.559495	-3.51781	5.20357	-19.7592	6.28
3.1	0.791833	0.610392	-3.83796	4.97244	-19.7592	6.28
3.11	0.751915	0.658878	-4.143	4.72164	-19.7592	6.28
3.12	0.709027	0.704762	-4.43171	4.45215	-19.7592	6.28
3.13	0.663339	0.747862	-4.70295	4.16505	-19.7592	6.28
3.14	0.61503	0.788008	-4.95565	3.86145	-19.7592	6.28
3.15	0.564291	0.82504	-5.18881	3.54254	-19.7592	6.28
3.16	0.511322	0.858812	-5.40149	3.20958	-19.7592	6.28
3.17	0.456332	0.889189	-5.59286	2.86389	-19.7592	6.28
3.18	0.399538	0.916052	-5.76216	2.50681	-19.7592	6.28
3.19	0.341165	0.939292	-5.90869	2.13975	-19.7592	6.28
3.2	0.281442	0.958818	-6.03189	1.76417	-19.7592	6.28
3.21	0.220607	0.974552	-6.13125	1.38154	-19.7592	6.28
3.22	0.158898	0.986431	-6.20637	0.993373	-19.7592	6.28
3.23	0.0965611	0.994406	-6.25695	0.601202	-19.7592	6.28
3.24	0.0338419	0.998447	-6.28277	0.206578	-19.7592	6.28
3.25	-0.0290113	0.998535	-6.28372	-0.18894	-19.7592	6.28
3.26	-0.0917496	0.99467	-6.2598	-0.583786	-19.7592	6.28
3.27	-0.154125	0.986867	-6.21108	-0.976395	-19.7592	6.28
3.28	-0.215889	0.975155	-6.13776	-1.36521	-19.7592	6.28
3.29	-0.276799	0.95958	-6.0401	-1.74869	-19.7592	6.28
3.3	-0.336611	0.940204	-5.9185	-2.12531	-19.7592	6.28
3.31	-0.39509	0.917102	-5.77342	-2.49358	-19.7592	6.28
3.32	-0.452003	0.890365	-5.60542	-2.85203	-19.7592	6.28
3.33	-0.507125	0.860099	-5.41518	-3.19923	-19.7592	6.28
3.34	-0.560235	0.826422	-5.20344	-3.53381	-19.7592	6.28
3.35	-0.611124	0.789469	-4.97102	-3.85442	-19.7592	6.28
3.36	-0.65959	0.749385	-4.71886	-4.15979	-19.7592	6.28
3.37	-0.705439	0.706328	-4.44794	-4.44871	-19.7592	6.28
3.38	-0.74849	0.660469	-4.15933	-4.72002	-19.7592	6.28
3.39	-0.788571	0.61199	-3.85419	-4.97263	-19.7592	6.28
3.4	-0.825522	0.561082	-3.53372	-5.20554	-19.7592	6.28
3.41	-0.859198	0.507948	-3.19918	-5.41782	-19.7592	6.28
3.42	-0.889464	0.452798	-2.85192	-5.60861	-19.7592	6.28
3.43	-0.916199	0.39585	-2.49331	-5.77716	-19.7592	6.28
3.44	-0.939297	0.337331	-2.12477	-5.92278	-19.7592	6.28
3.45	-0.958666	0.277473	-1.74777	-6.0449	-19.7592	6.28
3.46	-0.974229	0.216513	-1.36381	-6.14303	-19.7592	6.28
3.47	-0.985924	0.154693	-0.974423	-6.21677	-19.7592	6.28
3.48	-0.993704	0.0922597	-0.581154	-6.26583	-19.7592	6.28
3.49	-0.997539	0.0294598	-0.185571	-6.29001	-19.7592	6.28
3.5	-0.997413	-0.0334572	0.210752	-6.28922	-19.7592	6.28
3.51	-0.993327	-0.0962413	0.606235	-6.26345	-19.7592	6.28
3.52	-0.985297	-0.158643	0.999304	-6.21281	-19.7592	6.28
3.53	-0.973354	-0.220415	1.38839	-6.13751	-19.7592	6.28
3.54	-0.957547	-0.281312	1.77195	-6.03785	-19.7592	6.28
3.55	-0.937939	-0.341092	2.14846	-5.91422	-19.7592	6.28
3.56	-0.914607	-0.399518	2.51641	-5.76712	-19.7592	6.28
3.57	-0.887644	-0.456359	2.87434	-5.59714	-19.7592	6.28
3.58	-0.857158	-0.511387	3.22084	-5.40496	-19.7592	6.28
3.59	-0.82327	-0.564386	3.55452	-5.19135	-19.7592	6.28
3.6	-0.786115	-0.615145	3.87405	-4.95715	-19.7592	6.28
3.61	-0.74584	-0.663464	4.17818	-4.70332	-19.7592	6.28
3.62	-0.702606	-0.70915	4.46569	-4.43086	-19.7592	6.28
3.63	-0.656585	-0.752023	4.73545	-4.14086	-19.7592	6.28
3.64	-0.60796	-0.791912	4.98639	-3.83448	-19.7592	6.28
3.65	-0.556924	-0.828662	5.21752	-3.51294	-19.7592	6.28
3.66	-0.503679	-0.862125	5.42792	-3.17752	-19.7592	6.28
3.67	-0.448437	-0.89217	5.61677	-2.82957	-19.7592	6.28
3.68	-0.391418	-0.918679	5.78333	-2.47045	-19.7592	6.28
3.69	-0.332847	-0.941547	5.92693	-2.10161	-19.7592	6.28
3.7	-0.272957	-0.960684	6.04703	-1.72451	-19.7592	6.28
3.71	-0.211986	-0.976014	6.14315	-1.34064	-19.7592	6.28
3.72	-0.150176	-0.987479	6.21492	-0.951537	-19.7592	6.28
3.73	-0.0877702	-0.995033	6.26206	-0.55874	-19.7592	6.28
3.74	-0.0250172	-0.998647	6.2844	-0.163805	-19.7592	6.28
3.75	0.0378349	-0.998307	6.28187	0.231703	-19.7592	6.28
3.76	0.100537	-0.994016	6.25447	0.626219	-19.7592	6.28
3.77	0.162842	-0.985791	6.20232	1.01818	-19.7592	6.28
3.78	0.224502	-0.973666	6.12565	1.40604	-19.7592	6.28
3.79	0.285274	-0.957689	6.02476	1.78827	-19.7592	6.28
3.8	0.344918	-0.937924	5.90007	2.16335	-19.7592	6.28
3.81	0.403198	-0.914451	5.75207	2.52982	-19.7592	6.28
3.82	0.459883	-0.887362	5.58135	2.88621	-19.7592	6.28
3.83	0.514751	-0.856765	5.3886	3.23114	-19.7592	6.28
3.84	0.567585	-0.822782	5.17459	3.56324	-19.7592	6.28
3.85	0.618175	-0.785547	4.94016	3.88121	-19.7592	6.28
3.86	0.666323	-0.745209	4.68625	4.1838	-19.7592	6.28
3.87	0.711838	-0.701926	4.41387	4.46982	-19.7592	6.28
3.88	0.754542	-0.655871	4.12408	4.73815	-19.7592	6.28
3.89	0.794266	-0.607226	3.81805	4.98772	-19.7592	6.28
3.9	0.830853	-0.556183	3.49697	5.21758	-19.7592	6.28
3.91	0.864159	-0.502943	3.16213	5.42681	-19.7592	6.28
3.92	0.894054	-0.447718	2.81483	5.61459	-19.7592	6.28
3.93	0.920419	-0.390725	2.45645	5.7802	-19.7592	6.28
3.94	0.943151	-0.33219	2.08839	5.92297	-19.7592	6.28
3.95	0.962159	-0.272344	1.71212	6.04236	-19.7592	6.28
3.96	0.977371	-0.211422	1.32911	6.13789	-19.7592	6.28
3.97	0.988724	-0.149667	0.940873	6.20919	-19.7592	6.28
3.98	0.996176	-0.0873203	0.548931	6.25599	-19.7592	6.28
3.99	0.999696	-0.0246292	0.154829	6.2781	-19.7592	6.28
4	0.99927	0.038159	-0.239882	6.27542	-19.7592	6.28
4.01	0.994901	0.100797	-0.633649	6.24799	-19.7592	6.28
4.02	0.986606	0.163036	-1.02492	6.19589	-19.7592	6.28
4.03	0.974416	0.224633	-1.41216	6.11934	-19.7592	6.28
4.04	0.958381	0.285343	-1.79385	6.01863	-19.7592	6.28
4.05	0.938563	0.344926	-2.16847	5.89416	-19.7592	6.28
4.06	0.91504	0.403148	-2.53456	5.74641	-19.7592	6.28
4.07	0.887905	0.459779	-2.89067	5.57597	-19.7592	6.28
4.08	0.857264	0.514594	-3.2354	5.3835	-19.7592	6.28
4.09	0.823239	0.567378	-3.56739	5.16975	-19.7592	6.28
4.1	0.785963	0.617921	-3.88533	4.93556	-19.7592	6.28
4.11	0.745584	0.666024	-4.18796	4.68186	-19.7592	6.28
4.12	0.702259	0.711496	-4.47409	4.40963	-19.7592	6.28
4.13	0.656161	0.754158	-4.74258	4.11994	-19.7592	6.28
4.14	0.60747	0.793841	-4.99237	3.81393	-19.7592	6.28
4.15	0.556379	0.830386	-5.22247	3.49281	-19.7592	6.28
4.16	0.503089	0.863651	-5.43197	3.15783	-19.7592	6.28
4.17	0.447811	0.893501	-5.62004	2.81031	-19.7592	6.28
4.18	0.390763	0.91982	-5.78591	2.45163	-19.7592	6.28
4.19	0.332169	0.942501	-5.92894	2.08318	-19.7592	6.28
4.2	0.272262	0.961456	-6.04854	1.70643	-19.7592	6.28
4.21	0.211278	0.976607	-6.14424	1.32286	-19.7592	6.28
4.22	0.149458	0.987895	-6.21564	0.933988	-19.7592	6.28
4.23	0.087047	0.995274	-6.26247	0.541344	-19.7592	6.28
4.24	0.0242914	0.998715	-6.28452	0.146482	-19.7592	6.28
4.25	-0.0385604	0.998202	-6.28169	-0.249035	-19.7592	6.28
4.26	-0.10126	0.993737	-6.25399	-0.643641	-19.7592	6.28
4.27	-0.163558	0.985337	-6.20152	-1.03577	-19.7592	6.28
4.28	-0.225208	0.973035	-6.12448	-1.42388	-19.7592	6.28
4.29	-0.285966	0.956878	-6.02315	-1.80641	-19.7592	6.28
4.3	-0.345591	0.93693	-5.89795	-2.18186	-19.7592	6.28
4.31	-0.403847	0.91327	-5.74934	-2.54873	-19.7592	6.28
4.32	-0.460502	0.885989	-5.57792	-2.90556	-19.7592	6.28
4.33	-0.515332	0.855197	-5.38436	-3.25093	-19.7592	6.28
4.34	-0.568118	0.821013	-5.16942	-3.58347	-19.7592	6.28
4.35	-0.618652	0.783575	-4.93394	-3.90185	-19.7592	6.28
4.36	-0.666732	0.743028	-4.67886	-4.2048	-19.7592	6.28
4.37	-0.712167	0.699534	-4.40518	-4.49111	-19.7592	6.28
4.38	-0.754777	0.653265	-4.11399	-4.75965	-19.7592	6.28
4.39	-0.794392	0.604404	-3.80644	-5.00933	-19.7592	6.28
4.4	-0.830855	0.553145	-3.48374	-5.23916	-19.7592	6.28
4.41	-0.864021	0.49969	-3.14719	-5.44822	-19.7592	6.28
4.42	-0.893757	0.444252	-2.79811	-5.63568	-19.7592	6.28
4.43	-0.919946	0.387051	-2.43789	-5.80078	-19.7592	6.28
4.44	-0.942483	0.328313	-2.06797	-5.94287	-19.7592	6.28
4.45	-0.961278	0.268272	-1.68982	-6.06137	-19.7592	6.28
4.46	-0.976257	0.207166	-1.30494	-6.15582	-19.7592	6.28
4.47	-0.987359	0.145237	-0.91486	-6.22582	-19.7592	6.28
4.48	-0.994542	0.0827319	-0.521138	-6.27111	-19.7592	6.28
4.49	-0.997775	0.0198981	-0.12534	-6.2915	-19.7592	6.28
4.5	-0.997047	-0.0430148	0.270956	-6.28691	-19.7592	6.28
4.51	-0.99236	-0.105757	0.666174	-6.25735	-19.7592	6.28
4.52	-0.983732	-0.168079	1.05874	-6.20295	-19.7592	6.28
4.53	-0.971199	-0.229734	1.44709	-6.12393	-19.7592	6.28
4.54	-0.95481	-0.290477	1.82967	-6.02059	-19.7592	6.28
4.55	-0.93463	-0.350066	2.20497	-5.89336	-19.7592	6.28
4.56	-0.91074	-0.408266	2.5715	-5.74274	-19.7592	6.28
4.57	-0.883234	-0.464845	2.92778	-5.56934	-19.7592	6.28
4.58	-0.852223	-0.519579	3.27242	-5.37385	-19.7592	6.28
4.59	-0.817829	-0.572251	3.60403	-5.15705	-19.7592	6.28
4.6	-0.78019	-0.622652	3.9213	-4.91981	-19.7592	6.28
4.61	-0.739455	-0.670582	4.22298	-4.66308	-19.7592	6.28
4.62	-0.695786	-0.715852	4.50787	-4.38789	-19.7592	6.28
4.63	-0.649357	-0.758282	4.77483	-4.09532	-19.7592	6.28
4.64	-0.600353	-0.797704	5.02282	-3.78655	-19.7592	6.28
4.65	-0.548967	-0.833963	5.25086	-3.46282	-19.7592	6.28
4.66	-0.495405	-0.866915	5.45803	-3.12541	-19.7592	6.28
4.67	-0.439879	-0.89643	5.64354	-2.77566	-19.7592	6.28
4.68	-0.382609	-0.922392	5.80665	-2.41498	-19.7592	6.28
4.69	-0.323823	-0.944698	5.94671	-2.04478	-19.7592	6.28
4.7	-0.263754	-0.963261	6.06319	-1.66656	-19.7592	6.28
4.71	-0.202639	-0.978007	6.15563	-1.2818	-19.7592	6.28
4.72	-0.140722	-0.98888	6.22368	-0.892031	-19.7592	6.28
4.73	-0.0782479	-0.995836	6.26706	-0.498808	-19.7592	6.28
4.74	-0.0154638	-0.99885	6.28562	-0.103685	-19.7592	6.28
4.75	0.0473816	-0.997909	6.2793	0.291773	-19.7592	6.28
4.76	0.110039	-0.993018	6.24813	0.686001	-19.7592	6.28
4.77	0.172262	-0.984198	6.19224	1.07744	-19.7592	6.28
4.78	0.233803	-0.971484	6.11187	1.46454	-19.7592	6.28
4.79	0.294419	-0.954927	6.00733	1.84578	-19.7592	6.28
4.8	0.35387	-0.934593	5.87906	2.21965	-19.7592	6.28
4.81	0.411922	-0.910564	5.72757	2.58467	-19.7592	6.28
4.82	0.468346	-0.882934	5.55345	2.93942	-19.7592	6.28
4.83	0.522918	-0.851814	5.35742	3.28248	-19.7592	6.28
4.84	0.575424	-0.817328	5.14025	3.61252	-19.7592	6.28
4.85	0.625656	-0.779612	4.9028	3.92823	-19.7592	6.28
4.86	0.673415	-0.738815	4.64601	4.22838	-19.7592	6.28
4.87	0.718515	-0.6951	4.37091	4.51177	-19.7592	6.28
4.88	0.760776	-0.648639	4.07858	4.77732	-19.7592	6.28
4.89	0.800033	-0.599617	3.77018	5.02396	-19.7592	6.28
4.9	0.83613	-0.548226	3.44693	5.25073	-19.7592	6.28
4.91	0.868926	-0.494671	3.1101	5.45676	-19.7592	6.28
4.92	0.898292	-0.439163	2.76103	5.64121	-19.7592	6.28
4.93	0.924111	-0.381921	2.40109	5.80339	-19.7592	6.28
4.94	0.946282	-0.323172	2.03169	5.94264	-19.7592	6.28
4.95	0.964718	-0.263147	1.6543	6.05843	-19.7592	6.28
4.96	0.979346	-0.202083	1.2704	6.1503	-19.7592	6.28
4.97	0.990109	-0.140222	0.881495	6.21789	-19.7592	6.28
4.98	0.996964	-0.0778068	0.489125	6.26095	-19.7592	6.28
4.99	0.999885	-0.015085	0.0948305	6.27929	-19.7592	6.28
5	0.99886	0.0476963	-0.299837	6.27285	-19.7592	6.28
5.01	0.993892	0.110289	-0.693325	6.24165	-19.7592	6.28
5.02	0.985002	0.172447	-1.08409	6.18582	-19.7592	6.28
5.03	0.972225	0.233924	-1.47058	6.10558	-19.7592	6.28
5.04	0.95561	0.294478	-1.85129	6.00123	-19.7592	6.28
5.05	0.935224	0.35387	-2.22471	5.87318	-19.7592	6.28
5.06	0.911145	0.411865	-2.58937	5.72195	-19.7592	6.28
5.07	0.88347	0.468234	-2.94384	5.54811	-19.7592	6.28
5.08	0.852307	0.522754	-3.28672	5.35236	-19.7592	6.28
5.09	0.817779	0.57521	-3.61666	5.13545	-19.7592	6.28
5.1	0.780021	0.625395	-3.93235	4.89823	-19.7592	6.28
5.11	0.739183	0.67311	-4.23255	4.64164	-19.7592	6.28
5.12	0.695426	0.718167	-4.51606	4.36669	-19.7592	6.28
5.13	0.648922	0.760386	-4.78178	4.07445	-19.7592	6.28
5.14	0.599853	0.799602	-5.02864	3.76606	-19.7592	6.28
5.15	0.548415	0.835658	-5.25567	3.44275	-19.7592	6.28
5.16	0.494809	0.868411	-5.46196	3.10578	-19.7592	6.28
5.17	0.439247	0.897732	-5.6467	2.75647	-19.7592	6.28
5.18	0.381949	0.923504	-5.80914	2.39621	-19.7592	6.28
5.19	0.323141	0.945625	-5.94864	2.02641	-19.7592	6.28
5.2	0.263055	0.964005	-6.06464	1.64853	-19.7592	6.28
5.21	0.201928	0.978573	-6.15667	1.26405	-19.7592	6.28
5.22	0.140003	0.98927	-6.22435	0.874505	-19.7592	6.28
5.23	0.0775233	0.996052	-6.26742	0.481423	-19.7592	6.28
5.24	0.014737	0.998891	-6.28569	0.0863614	-19.7592	6.28
5.25	-0.0481076	0.997777	-6.27908	-0.309118	-19.7592	6.28
5.26	-0.110762	0.992713	-6.24761	-0.703449	-19.7592	6.28
5.27	-0.172977	0.983717	-6.19139	-1.09507	-19.7592	6.28
5.28	-0.234508	0.970826	-6.11063	-1.48243	-19.7592	6.28
5.29	-0.295109	0.954088	-6.00565	-1.86398	-19.7592	6.28
5.3	-0.354541	0.933571	-5.87685	-2.23822	-19.7592	6.28
5.31	-0.412568	0.909353	-5.72474	-2.60366	-19.7592	6.28
5.32	-0.46896	0.881532	-5.54991	-2.95883	-19.7592	6.28
5.33	-0.523493	0.850215	-5.35305	-3.30234	-19.7592	6.28
5.34	-0.57595	0.815528	-5.13493	-3.63281	-19.7592	6.28
5.35	-0.626124	0.777607	-4.89641	-3.94893	-19.7592	6.28
5.36	-0.673814	0.736602	-4.63843	-4.24942	-19.7592	6.28
5.37	-0.718831	0.692675	-4.36202	-4.53311	-19.7592	6.28
5.38	-0.760996	0.645999	-4.06826	-4.79884	-19.7592	6.28
5.39	-0.800142	0.596761	-3.75833	-5.04557	-19.7592	6.28
5.4	-0.836113	0.545155	-3.43344	-5.2723	-19.7592	6.28
5.41	-0.868765	0.491385	-3.0949	-5.47813	-19.7592	6.28
5.42	-0.89797	0.435665	-2.74403	-5.66224	-19.7592	6.28
5.43	-0.92361	0.378215	-2.38225	-5.82388	-19.7592	6.28
5.44	-0.945583	0.319264	-2.01098	-5.96242	-19.7592	6.28
5.45	-0.963803	0.259045	-1.63171	-6.07729	-19.7592	6.28
5.46	-0.978196	0.197798	-1.24594	-6.16804	-19.7592	6.28
5.47	-0.988705	0.135766	-0.855202	-6.23431	-19.7592	6.28
5.48	-0.995288	0.0731949	-0.461063	-6.27582	-19.7592	6.28
5.49	-0.99792	0.0103329	-0.065088	-6.29241	-19.7592	6.28
5.5	-0.996589	-0.0525701	0.331146	-6.28402	-19.7592	6.28
5.51	-0.991301	-0.115264	0.726062	-6.25068	-19.7592	6.28
5.52	-0.982078	-0.177501	1.11809	-6.19252	-19.7592	6.28
5.53	-0.968954	-0.239033	1.50566	-6.10978	-19.7592	6.28
5.54	-0.951984	-0.299616	1.88723	-6.00278	-19.7592	6.28
5.55	-0.931235	-0.359009	2.2613	-5.87196	-19.7592	6.28
5.56	-0.906788	-0.416977	2.62636	-5.71784	-19.7592	6.28
5.57	-0.878743	-0.47329	2.98096	-5.54103	-19.7592	6.28
5.58	-0.847209	-0.527724	3.3237	-5.34225	-19.7592	6.28
5.59	-0.812313	-0.580064	3.65322	-5.12228	-19.7592	6.28
5.6	-0.774193	-0.630102	3.9682	-4.88202	-19.7592	6.28
5.61	-0.733001	-0.67764	4.2674	-4.62241	-19.7592	6.28
5.62	-0.688901	-0.722489	4.54964	-4.3445	-19.7592	6.28
5.63	-0.642069	-0.764473	4.81378	-4.0494	-19.7592	6.28
5.64	-0.592689	-0.803424	5.0588	-3.73827	-19.7592	6.28
5.65	-0.54096	-0.839189	5.28372	-3.41238	-19.7592	6.28
5.66	-0.487085	-0.871627	5.48765	-3.073	-19.7592	6.28
5.67	-0.431279	-0.900609	5.6698	-2.7215	-19.7592	6.28
5.68	-0.373764	-0.926021	5.82944	-2.35928	-19.7592	6.28
5.69	-0.314768	-0.947763	5.96596	-1.98776	-19.7592	6.28
5.7	-0.254524	-0.96575	6.07881	-1.60845	-19.7592	6.28
5.71	-0.193272	-0.979911	6.16756	-1.22283	-19.7592	6.28
5.72	-0.131254	-0.990191	6.23187	-0.832435	-19.7592	6.28
5.73	-0.0687168	-0.996549	6.27149	-0.438823	-19.7592	6.28
5.74	-0.00590734	-0.998962	6.28627	-0.0435473	-19.7592	6.28
5.75	0.0569255	-0.99742	6.27616	0.351825	-19.7592	6.28
5.76	0.119533	-0.99193	6.24122	0.745729	-19.7592	6.28
5.77	0.181668	-0.982515	6.1816	1.13661	-19.7592	6.28
5.78	0.243084	-0.969213	6.09752	1.52292	-19.7592	6.28
5.79	0.303538	-0.952077	5.98935	1.90313	-19.7592	6.28
5.8	0.362792	-0.931176	5.85751	2.27575	-19.7592	6.28
5.81	0.420611	-0.906592	5.70254	2.6393	-19.7592	6.28
5.82	0.476767	-0.878425	5.52505	2.99236	-19.7592	6.28
5.83	0.531039	-0.846785	5.32575	3.33353	-19.7592	6.28
5.84	0.583212	-0.811798	5.10543	3.66147	-19.7592	6.28
5.85	0.633081	-0.773604	4.86498	3.9749	-19.7592	6.28
5.86	0.680448	-0.732353	4.60534	4.27257	-19.7592	6.28
5.87	0.725127	-0.688209	4.32755	4.55332	-19.7592	6.28
5.88	0.766942	-0.641346	4.0327	4.81606	-19.7592	6.28
5.89	0.805728	-0.591951	3.72197	5.05974	-19.7592	6.28
5.9	0.841332	-0.540218	3.39657	5.28342	-19.7592	6.28
5.91	0.873615	-0.486353	3.05779	5.48621	-19.7592	6.28
5.92	0.902448	-0.430567	2.70697	5.66732	-19.7592	6.28
5.93	0.927719	-0.373081	2.3455	5.82605	-19.7592	6.28
5.94	0.949327	-0.314122	1.97479	5.96177	-19.7592	6.28
5.95	0.967189	-0.253924	1.59632	6.07395	-19.7592	6.28
5.96	0.981233	-0.192723	1.21156	6.16215	-19.7592	6.28
5.97	0.991404	-0.130762	0.822027	6.22603	-19.7592	6.28
5.98	0.997662	-0.0682847	0.429265	6.26533	-19.7592	6.28
5.99	0.999984	-0.00553784	0.0348132	6.27991	-19.7592	6.28
6	0.998358	0.0572308	-0.359775	6.2697	-19.7592	6.28
6.01	0.992793	0.119774	-0.752948	6.23475	-19.7592	6.28
6.02	0.983309	0.181844	-1.14316	6.17519	-19.7592	6.28
6.03	0.969945	0.243196	-1.52887	6.09126	-19.7592	6.28
6.04	0.952752	0.303589	-1.90857	5.98328	-19.7592	6.28
6.05	0.931798	0.362783	-2.28075	5.85167	-19.7592	6.28
6.06	0.907167	0.420545	-2.64396	5.69696	-19.7592	6.28
6.07	0.878954	0.476647	-2.99675	5.51975	-19.7592	6.28
6.08	0.847271	0.530867	-3.33775	5.32072	-19.7592	6.28
6.09	0.812243	0.582991	-3.66561	5.10067	-19.7592	6.28
6.1	0.774007	0.632813	-3.97902	4.86045	-19.7592	6.28
6.11	0.732715	0.680136	-4.27676	4.601	-19.7592	6.28
6.12	0.688528	0.724773	-4.55764	4.32335	-19.7592	6.28
6.13	0.641622	0.766546	-4.82055	4.02857	-19.7592	6.28
6.14	0.59218	0.805291	-5.06446	3.71784	-19.7592	6.28
6.15	0.540399	0.840854	-5.28839	3.39237	-19.7592	6.28
6.16	0.486482	0.873093	-5.49146	3.05343	-19.7592	6.28
6.17	0.430642	0.901882	-5.67285	2.70237	-19.7592	6.28
6.18	0.3731	0.927105	-5.83184	2.34057	-19.7592	6.28
6.19	0.314082	0.948662	-5.9678	1.96944	-19.7592	6.28
6.2	0.253822	0.966468	-6.08019	1.59046	-19.7592	6.28
6.21	0.192559	0.98045	-6.16854	1.20512	-19.7592	6.28
6.22	0.130533	0.990554	-6.23249	0.814931	-19.7592	6.28
6.23	0.0679909	0.996738	-6.2718	0.421447	-19.7592	6.28
6.24	0.00517971	0.998977	-6.28629	0.0262207	-19.7592	6.28
6.25	-0.057652	0.997262	-6.2759	-0.369185	-19.7592	6.28
6.26	-0.120255	0.991598	-6.24065	-0.763205	-19.7592	6.28
6.27	-0.182383	0.982007	-6.18068	-1.15428	-19.7592	6.28
6.28	-0.243787	0.968527	-6.09622	-1.54085	-19.7592	6.28
6.29	-0.304226	0.95121	-5.98759	-1.92139	-19.7592	6.28
6.3	-0.36346	0.930125	-5.85521	-2.29439	-19.7592	6.28
6.31	-0.421253	0.905353	-5.69961	-2.65835	-19.7592	6.28
6.32	-0.477377	0.876992	-5.52138	-3.01185	-19.7592	6.28
6.33	-0.531608	0.845155	-5.32123	-3.35346	-19.7592	6.28
6.34	-0.583731	0.809967	-5.09995	-3.68183	-19.7592	6.28
6.35	-0.633539	0.771567	-4.85841	-3.99565	-19.7592	6.28
6.36	-0.680835	0.730107	-4.59757	-4.29367	-19.7592	6.28
6.37	-0.72543	0.685751	-4.31845	-4.5747	-19.7592	6.28
6.38	-0.767147	0.638674	-4.02215	-4.83761	-19.7592	6.28
6.39	-0.805819	0.589062	-3.70986	-5.08136	-19.7592	6.28
6.4	-0.841295	0.537114	-3.38282	-5.30497	-19.7592	6.28
6.41	-0.873431	0.483033	-3.04231	-5.50755	-19.7592	6.28
6.42	-0.9021	0.427035	-2.6897	-5.68828	-19.7592	6.28
6.43	-0.927189	0.369343	-2.32638	-5.84645	-19.7592	6.28
6.44	-0.948597	0.310184	-1.95379	-5.98142	-19.7592	6.28
6.45	-0.966239	0.249793	-1.57343	-6.09266	-19.7592	6.28
6.46	-0.980045	0.188411	-1.18681	-6.17971	-19.7592	6.28
6.47	-0.989959	0.126281	-0.795456	-6.24222	-19.7592	6.28
6.48	-0.995943	0.0636495	-0.400936	-6.27995	-19.7592	6.28
6.49	-0.997973	0.000765181	-0.00481947	-6.29275	-19.7592	6.28
6.5	-0.99604	-0.0621222	0.391316	-6.28056	-19.7592	6.28
6.51	-0.990152	-0.124763	0.785894	-6.24343	-19.7592	6.28
6.52	-0.980332	-0.186908	1.17734	-6.18152	-19.7592	6.28
6.53	-0.966621	-0.248311	1.5641	-6.09506	-19.7592	6.28
6.54	-0.949071	-0.308729	1.94463	-5.98441	-19.7592	6.28
6.55	-0.927754	-0.36792	2.31742	-5.85001	-19.7592	6.28
6.56	-0.902753	-0.425652	2.68098	-5.6924	-19.7592	6.28
6.57	-0.87417	-0.481693	3.03387	-5.5122	-19.7592	6.28
6.58	-0.842116	-0.535823	3.37469	-5.31015	-19.7592	6.28
6.59	-0.806721	-0.587826	3.70208	-5.08704	-19.7592	6.28
6.6	-0.768124	-0.637496	4.01474	-4.84377	-19.7592	6.28
6.61	-0.726479	-0.684637	4.31144	-4.58131	-19.7592	6.28
6.62	-0.681952	-0.729062	4.59099	-4.30071	-19.7592	6.28
6.63	-0.63472	-0.770595	4.8523	-4.00309	-19.7592	6.28
6.64	-0.58497	-0.809071	5.09432	-3.68964	-19.7592	6.28
6.65	-0.532901	-0.844339	5.3161	-3.36161	-19.7592	6.28
6.66	-0.478719	-0.876259	5.51677	-3.0203	-19.7592	6.28
6.67	-0.422639	-0.904705	5.69554	-2.66708	-19.7592	6.28
6.68	-0.364883	-0.929565	5.8517	-2.30335	-19.7592	6.28
6.69	-0.305682	-0.950742	5.98465	-1.93056	-19.7592	6.28
6.7	-0.245269	-0.968151	6.09387	-1.55018	-19.7592	6.28
6.71	-0.183885	-0.981725	6.17892	-1.16374	-19.7592	6.28
6.72	-0.121773	-0.991411	6.23949	-0.772755	-19.7592	6.28
6.73	-0.0591778	-0.99717	6.27534	-0.378788	-19.7592	6.28
6.74	0.00365126	-0.998982	6.28634	0.0166028	-19.7592	6.28
6.75	0.0664659	-0.996839	6.27245	0.411853	-19.7592	6.28
6.76	0.129018	-0.990751	6.23374	0.805397	-19.7592	6.28
6.77	0.191059	-0.980742	6.17038	1.19568	-19.7592	6.28
6.78	0.252344	-0.966853	6.08262	1.58116	-19.7592	6.28
6.79	0.312631	-0.94914	5.97082	1.96031	-19.7592	6.28
6.8	0.371682	-0.927673	5.83543	2.33165	-19.7592	6.28
6.81	0.429263	-0.902538	5.67698	2.6937	-19.7592	6.28
6.82	0.485146	-0.873834	5.49613	3.04504	-19.7592	6.28
6.83	0.539113	-0.841677	5.29358	3.38428	-19.7592	6.28
6.84	0.590948	-0.806194	5.07015	3.7101	-19.7592	6.28
6.85	0.640449	-0.767524	4.82671	4.0212	-19.7592	6.28
6.86	0.687419	-0.725823	4.56425	4.31638	-19.7592	6.28
6.87	0.731674	-0.681254	4.28379	4.59446	-19.7592	6.28
6.88	0.773039	-0.633994	3.98645	4.85436	-19.7592	6.28
6.89	0.811351	-0.58423	3.6734	5.09506	-19.7592	6.28
6.9	0.846459	-0.53216	3.34588	5.31562	-19.7592	6.28
6.91	0.878224	-0.477988	3.00519	5.51516	-19.7592	6.28
6.92	0.906523	-0.421929	2.65266	5.69292	-19.7592	6.28
6.93	0.931243	-0.364205	2.28969	5.84818	-19.7592	6.28
6.94	0.952287	-0.305043	1.91771	5.98036	-19.7592	6.28
6.95	0.969572	-0.244676	1.53818	6.08892	-19.7592	6.28
6.96	0.98303	-0.183344	1.15259	6.17344	-19.7592	6.28
6.97	0.992608	-0.121289	0.762475	6.23359	-19.7592	6.28
6.98	0.998269	-0.0587546	0.369355	6.26914	-19.7592	6.28
6.99	0.999991	0.00401149	-0.0252175	6.27995	-19.7592	6.28
7	0.997765	0.0667618	-0.419691	6.26598	-19.7592	6.28
7.01	0.991602	0.129249	-0.812513	6.22727	-19.7592	6.28
7.02	0.981526	0.191225	-1.20214	6.16399	-19.7592	6.28
7.03	0.967575	0.252447	-1.58703	6.07638	-19.7592	6.28
7.04	0.949806	0.312673	-1.96568	5.96478	-19.7592	6.28
7.05	0.928288	0.371664	-2.33659	5.82962	-19.7592	6.28
7.06	0.903105	0.429189	-2.69831	5.67145	-19.7592	6.28
7.07	0.874357	0.485019	-3.0494	5.49087	-19.7592	6.28
7.08	0.842157	0.538934	-3.38849	5.2886	-19.7592	6.28
7.09	0.806632	0.590721	-3.71423	5.06542	-19.7592	6.28
7.1	0.767921	0.640175	-4.02533	4.82221	-19.7592	6.28
7.11	0.726178	0.687101	-4.32058	4.55993	-19.7592	6.28
7.12	0.681566	0.731314	-4.5988	4.2796	-19.7592	6.28
7.13	0.634262	0.772637	-4.85889	3.98232	-19.7592	6.28
7.14	0.584452	0.810907	-5.09982	3.66927	-19.7592	6.28
7.15	0.532333	0.845974	-5.32064	3.34166	-19.7592	6.28
7.16	0.478109	0.877696	-5.52046	3.0008	-19.7592	6.28
7.17	0.421996	0.90595	-5.69849	2.64801	-19.7592	6.28
7.18	0.364215	0.930622	-5.85402	2.2847	-19.7592	6.28
7.19	0.304993	0.951613	-5.98643	1.91228	-19.7592	6.28
7.2	0.244565	0.968842	-6.09518	1.53223	-19.7592	6.28
7.21	0.18317	0.982238	-6.17984	1.14606	-19.7592	6.28
7.22	0.12105	0.991747	-6.24007	0.75527	-19.7592	6.28
7.23	0.0584506	0.997333	-6.27561	0.361421	-19.7592	6.28
7.24	-0.00437971	0.998971	-6.28632	-0.0339345	-19.7592	6.28
7.25	-0.0671927	0.996654	-6.27214	-0.429231	-19.7592	6.28
7.26	-0.12974	0.990392	-6.23312	-0.822903	-19.7592	6.28
7.27	-0.191773	0.980207	-6.16941	-1.21339	-19.7592	6.28
7.28	-0.253046	0.96614	-6.08125	-1.59914	-19.7592	6.28
7.29	-0.313317	0.948245	-5.96898	-1.97863	-19.7592	6.28
7.3	-0.372347	0.926593	-5.83304	-2.35035	-19.7592	6.28
7.31	-0.429901	0.901269	-5.67395	-2.71282	-19.7592	6.28
7.32	-0.485751	0.872372	-5.49234	-3.0646	-19.7592	6.28
7.33	-0.539675	0.840017	-5.28893	-3.40428	-19.7592	6.28
7.34	-0.591459	0.804331	-5.06451	-3.73052	-19.7592	6.28
7.35	-0.640898	0.765456	-4.81997	-4.04202	-19.7592	6.28
7.36	-0.687795	0.723544	-4.55627	-4.33753	-19.7592	6.28
7.37	-0.731963	0.678762	-4.27447	-4.61587	-19.7592	6.28
7.38	-0.773228	0.631288	-3.97566	-4.87594	-19.7592	6.28
7.39	-0.811424	0.581308	-3.66105	-5.11668	-19.7592	6.28
7.4	-0.8464	0.529022	-3.33187	-5.33715	-19.7592	6.28
7.41	-0.878017	0.474636	-2.98943	-5.53646	-19.7592	6.28
7.42	-0.906149	0.418366	-2.6351	-5.71381	-19.7592	6.28
7.43	-0.930684	0.360435	-2.27028	-5.86849	-19.7592	6.28
7.44	-0.951524	0.301074	-1.89642	-5.99988	-19.7592	6.28
7.45	-0.968587	0.240517	-1.515	-6.10746	-19.7592	6.28
7.46	-0.981804	0.179005	-1.12756	-6.1908	-19.7592	6.28
7.47	-0.991123	0.116783	-0.735626	-6.24956	-19.7592	6.28
7.48	-0.996507	0.0540966	-0.340762	-6.28351	-19.7592	6.28
7.49	-0.997934	-0.00880424	0.0554598	-6.29251	-19.7592	6.28
7.5	-0.995399	-0.0716702	0.45146	-6.27652	-19.7592	6.28
7.51	-0.988911	-0.134252	0.845663	-6.23561	-19.7592	6.28
7.52	-0.978497	-0.1963	1.2365	-6.16995	-19.7592	6.28
7.53	-0.964197	-0.257569	1.62241	-6.07979	-19.7592	6.28
7.54	-0.94607	-0.317815	2.00186	-5.96549	-19.7592	6.28
7.55	-0.924187	-0.3768	2.37334	-5.82753	-19.7592	6.28
7.56	-0.898635	-0.434289	2.73537	-5.66643	-19.7592	6.28
7.57	-0.869516	-0.490053	3.08652	-5.48287	-19.7592	6.28
7.58	-0.836945	-0.543873	3.42538	-5.27755	-19.7592	6.28
7.59	-0.801054	-0.595535	3.75061	-5.05132	-19.7592	6.28
7.6	-0.761983	-0.644833	4.06092	-4.80507	-19.7592	6.28
7.61	-0.719889	-0.691573	4.35509	-4.53978	-19.7592	6.28
7.62	-0.674939	-0.735569	4.63194	-4.25652	-19.7592	6.28
7.63	-0.627312	-0.776647	4.89037	-3.95641	-19.7592	6.28
7.64	-0.577196	-0.814645	5.12937	-3.64066	-19.7592	6.28
7.65	-0.524792	-0.849412	5.348	-3.31053	-19.7592	6.28
7.66	-0.470307	-0.880812	5.54539	-2.96732	-19.7592	6.28
7.67	-0.413958	-0.908719	5.72076	-2.61241	-19.7592	6.28
7.68	-0.355968	-0.933026	5.87343	-2.2472	-19.7592	6.28
7.69	-0.296567	-0.953634	6.0028	-1.87316	-19.7592	6.28
7.7	-0.235991	-0.970464	6.10837	-1.49176	-19.7592	6.28
7.71	-0.17448	-0.98345	6.18972	-1.10453	-19.7592	6.28
7.72	-0.112278	-0.99254	6.24654	-0.712995	-19.7592	6.28
7.73	-0.0496318	-0.997701	6.27861	-0.318711	-19.7592	6.28
7.74	0.0132111	-0.998911	6.28583	0.0767599	-19.7592	6.28
7.75	0.0760018	-0.996167	6.26816	0.471851	-19.7592	6.28
7.76	0.138492	-0.98948	6.22569	0.865	-19.7592	6.28
7.77	0.200434	-0.978878	6.1586	1.25465	-19.7592	6.28
7.78	0.261583	-0.964404	6.06716	1.63927	-19.7592	6.28
7.79	0.321697	-0.946115	5.95174	2.01733	-19.7592	6.28
7.8	0.380539	-0.924084	5.8128	2.38734	-19.7592	6.28
7.81	0.437876	-0.8984	5.65091	2.74786	-19.7592	6.28
7.82	0.493483	-0.869164	5.46671	3.09744	-19.7592	6.28
7.83	0.547138	-0.836492	5.26093	3.43473	-19.7592	6.28
7.84	0.598632	-0.800514	5.03439	3.75839	-19.7592	6.28
7.85	0.64776	-0.761374	4.788	4.06715	-19.7592	6.28
7.86	0.694329	-0.719225	4.52273	4.3598	-19.7592	6.28
7.87	0.738155	-0.674235	4.23963	4.63519	-19.7592	6.28
7.88	0.779066	-0.626582	3.93982	4.89223	-19.7592	6.28
7.89	0.8169	-0.576455	3.62449	5.12993	-19.7592	6.28
7.9	0.851508	-0.524051	3.29489	5.34734	-19.7592	6.28
7.91	0.882754	-0.469579	2.9523	5.54362	-19.7592	6.28
7.92	0.910515	-0.413252	2.5981	5.718	-19.7592	6.28
7.93	0.934682	-0.355294	2.23366	5.86979	-19.7592	6.28
7.94	0.955159	-0.295934	1.86044	5.9984	-19.7592	6.28
7.95	0.971867	-0.235405	1.47989	6.10333	-19.7592	6.28
7.96	0.984738	-0.173947	1.09352	6.18417	-19.7592	6.28
7.97	0.993723	-0.111803	0.702842	6.24059	-19.7592	6.28
7.98	0.998785	-0.0492176	0.309402	6.27239	-19.7592	6.28
7.99	0.999907	0.0135621	-0.0852561	6.27943	-19.7592	6.28
8	0.997081	0.0762883	-0.479579	6.26168	-19.7592	6.28
8.01	0.990321	0.138713	-0.872014	6.21923	-19.7592	6.28
8.02	0.979653	0.200591	-1.26102	6.15223	-19.7592	6.28
8.03	0.965117	0.261677	-1.64506	6.06094	-19.7592	6.28
8.04	0.946773	0.32173	-2.02263	5.94573	-19.7592	6.28
8.05	0.924691	0.380513	-2.39224	5.80704	-19.7592	6.28
8.06	0.89896	0.437794	-2.75243	5.64541	-19.7592	6.28
8.07	0.869679	0.493347	-3.10178	5.46149	-19.7592	6.28
8.08	0.836965	0.546952	-3.43892	5.25598	-19.7592	6.28
8.09	0.800946	0.598397	-3.76252	5.0297	-19.7592	6.28
8.1	0.761764	0.64748	-4.07129	4.78353	-19.7592	6.28
8.11	0.719573	0.694005	-4.36402	4.51843	-19.7592	6.28
8.12	0.674541	0.737789	-4.63956	4.23545	-19.7592	6.28
8.13	0.626843	0.778658	-4.8968	3.9357	-19.7592	6.28
8.14	0.576669	0.816451	-5.13473	3.62035	-19.7592	6.28
8.15	0.524216	0.851017	-5.3524	3.29064	-19.7592	6.28
8.16	0.469692	0.88222	-5.54896	2.94788	-19.7592	6.28
8.17	0.41331	0.909936	-5.72361	2.5934	-19.7592	6.28
8.18	0.355295	0.934054	-5.87566	2.22861	-19.7592	6.28
8.19	0.295874	0.954478	-6.0045	1.85494	-19.7592	6.28
8.2	0.235284	0.971128	-6.10962	1.47386	-19.7592	6.28
8.21	0.173762	0.983936	-6.19058	1.08688	-19.7592	6.28
8.22	0.111554	0.992851	-6.24707	0.695528	-19.7592	6.28
8.23	0.0489034	0.997837	-6.27884	0.301349	-19.7592	6.28
8.24	-0.0139403	0.998873	-6.28577	-0.0940985	-19.7592	6.28
8.25	-0.0767289	0.995956	-6.2678	-0.489249	-19.7592	6.28
8.26	-0.139214	0.989095	-6.22502	-0.882537	-19.7592	6.28
8.27	-0.201147	0.978316	-6.15757	-1.2724	-19.7592	6.28
8.28	-0.262284	0.963663	-6.06572	-1.6573	-19.7592	6.28
8.29	-0.322381	0.945192	-5.94982	-2.03571	-19.7592	6.28
8.3	-0.381201	0.922976	-5.81032	-2.40611	-19.7592	6.28
8.31	-0.438511	0.897101	-5.64776	-2.76705	-19.7592	6.28
8.32	-0.494082	0.867671	-5.46279	-3.11708	-19.7592	6.28
8.33	-0.547694	0.834801	-5.25613	-3.4548	-19.7592	6.28
8.34	-0.599135	0.79862	-5.02859	-3.77888	-19.7592	6.28
8.35	-0.648199	0.759273	-4.78107	-4.08803	-19.7592	6.28
8.36	-0.694693	0.716914	-4.51455	-4.381	-19.7592	6.28
8.37	-0.738431	0.671711	-4.23009	-4.65663	-19.7592	6.28
8.38	-0.779239	0.623843	-3.9288	-4.91382	-19.7592	6.28
8.39	-0.816955	0.573499	-3.61189	-5.15155	-19.7592	6.28
8.4	-0.851429	0.52088	-3.28061	-5.36885	-19.7592	6.28
8.41	-0.882523	0.466193	-2.93627	-5.56487	-19.7592	6.28
8.42	-0.910115	0.409656	-2.58025	-5.73881	-19.7592	6.28
8.43	-0.934094	0.351493	-2.21396	-5.88999	-19.7592	6.28
8.44	-0.954365	0.291934	-1.83885	-6.01779	-19.7592	6.28
8.45	-0.970847	0.231217	-1.45643	-6.12171	-19.7592	6.28
8.46	-0.983474	0.169581	-1.0682	-6.20133	-19.7592	6.28
8.47	-0.992197	0.107272	-0.675718	-6.25633	-19.7592	6.28
8.48	-0.99698	0.0445372	-0.280546	-6.28649	-19.7592	6.28
8.49	-0.997804	-0.0183745	0.115744	-6.29169	-19.7592	6.28
8.5	-0.994666	-0.0812132	0.511573	-6.2719	-19.7592	6.28
8.51	-0.987579	-0.143729	0.905364	-6.22722	-19.7592	6.28
8.52	-0.976571	-0.205675	1.29555	-6.1578	-19.7592	6.28
8.53	-0.961685	-0.266804	1.68058	-6.06395	-19.7592	6.28
8.54	-0.942982	-0.326874	2.05891	-5.94602	-19.7592	6.28
8.55	-0.920534	-0.385646	2.42905	-5.8045	-19.7592	6.28
8.56	-0.894433	-0.442887	2.78952	-5.63995	-19.7592	6.28
8.57	-0.864781	-0.49837	3.13888	-5.45302	-19.7592	6.28
8.58	-0.831697	-0.551875	3.47576	-5.24447	-19.7592	6.28
8.59	-0.795312	-0.60319	3.7988	-5.01513	-19.7592	6.28
8.6	-0.755771	-0.652112	4.10674	-4.76592	-19.7592	6.28
8.61	-0.713232	-0.698446	4.39834	-4.49783	-19.7592	6.28
8.62	-0.667863	-0.742009	4.67246	-4.21193	-19.7592	6.28
8.63	-0.619844	-0.782629	4.928	-3.90937	-19.7592	6.28
8.64	-0.569368	-0.820145	5.16396	-3.59135	-19.7592	6.28
8.65	-0.516634	-0.854408	5.37941	-3.25913	-19.7592	6.28
8.66	-0.461851	-0.885284	5.5735	-2.91406	-19.7592	6.28
8.67	-0.405237	-0.912651	5.74547	-2.55749	-19.7592	6.28
8.68	-0.347018	-0.936401	5.89463	-2.19084	-19.7592	6.28
8.69	-0.287423	-0.956439	6.02041	-1.81559	-19.7592	6.28
8.7	-0.226689	-0.972689	6.12231	-1.4332	-19.7592	6.28
8.71	-0.165057	-0.985085	6.19995	-1.04522	-19.7592	6.28
8.72	-0.102772	-0.993579	6.25302	-0.653161	-19.7592	6.28
8.73	-0.0400796	-0.99814	6.28132	-0.258596	-19.7592	6.28
8.74	0.0227714	-0.998748	6.28475	0.136919	-19.7592	6.28
8.75	0.0855324	-0.995403	6.2633	0.531815	-19.7592	6.28
8.76	0.147955	-0.988119	6.21707	0.924532	-19.7592	6.28
8.77	0.209792	-0.976925	6.14625	1.31352	-19.7592	6.28
8.78	0.270799	-0.961866	6.05114	1.69723	-19.7592	6.28
8.79	0.330735	-0.943003	5.93211	2.07417	-19.7592	6.28
8.8	0.389363	-0.92041	5.78964	2.44283	-19.7592	6.28
8.81	0.446451	-0.894179	5.62431	2.80177	-19.7592	6.28
8.82	0.501775	-0.864412	5.43678	3.14957	-19.7592	6.28
8.83	0.555115	-0.831229	5.22779	3.48487	-19.7592	6.28
8.84	0.606262	-0.794761	4.99817	3.80635	-19.7592	6.28
8.85	0.655013	-0.755152	4.74884	4.11273	-19.7592	6.28
8.86	0.701177	-0.712561	4.48079	4.40283	-19.7592	6.28
8.87	0.74457	-0.667154	4.19508	4.6755	-19.7592	6.28
8.88	0.785023	-0.619112	3.89283	4.92966	-19.7592	6.28
8.89	0.822376	-0.568626	3.57525	5.16433	-19.7592	6.28
8.9	0.856481	-0.515894	3.24358	5.37858	-19.7592	6.28
8.91	0.887205	-0.461125	2.89914	5.57158	-19.7592	6.28
8.92	0.914426	-0.404536	2.54329	5.74256	-19.7592	6.28
8.93	0.938037	-0.346349	2.17742	5.89086	-19.7592	6.28
8.94	0.957946	-0.286796	1.80299	6.0159	-19.7592	6.28
8.95	0.974073	-0.226111	1.42146	6.11719	-19.7592	6.28
8.96	0.986356	-0.164533	1.03433	6.19433	-19.7592	6.28
8.97	0.994746	-0.102305	0.643136	6.24702	-19.7592	6.28
8.98	0.99921	-0.0396745	0.24941	6.27506	-19.7592	6.28
8.99	0.999731	0.023113	-0.145297	6.27833	-19.7592	6.28
9	0.996306	0.0858094	-0.539433	6.25682	-19.7592	6.28
9.01	0.988949	0.148167	-0.931446	6.21062	-19.7592	6.28
9.02	0.97769	0.20994	-1.31979	6.1399	-19.7592	6.28
9.03	0.962571	0.270884	-1.70295	6.04495	-19.7592	6.28
9.04	0.943653	0.330759	-2.0794	5.92613	-19.7592	6.28
9.05	0.92101	0.389329	-2.44767	5.78392	-19.7592	6.28
9.06	0.894732	0.446362	-2.8063	5.61886	-19.7592	6.28
9.07	0.864921	0.501632	-3.15389	5.4316	-19.7592	6.28
9.08	0.831695	0.554922	-3.48905	5.22288	-19.7592	6.28
9.09	0.795186	0.606021	-3.81047	4.99351	-19.7592	6.28
9.1	0.755536	0.654726	-4.11688	4.7444	-19.7592	6.28
9.11	0.712902	0.700846	-4.40707	4.47651	-19.7592	6.28
9.12	0.667452	0.744198	-4.67989	4.19091	-19.7592	6.28
9.13	0.619366	0.784609	-4.93426	3.8887	-19.7592	6.28
9.14	0.568832	0.82192	-5.16917	3.57109	-19.7592	6.28
9.15	0.51605	0.855983	-5.38369	3.23931	-19.7592	6.28
9.16	0.461229	0.886664	-5.57696	2.89468	-19.7592	6.28
9.17	0.404585	0.913839	-5.74821	2.53854	-19.7592	6.28
9.18	0.346341	0.937401	-5.89677	2.1723	-19.7592	6.28
9.19	0.286727	0.957256	-6.02204	1.79741	-19.7592	6.28
9.2	0.225979	0.973325	-6.1235	1.41534	-19.7592	6.28
9.21	0.164338	0.985544	-6.20076	1.02759	-19.7592	6.28
9.22	0.102046	0.993863	-6.2535	0.63571	-19.7592	6.28
9.23	0.0393501	0.998249	-6.2815	0.241237	-19.7592	6.27999
9.24	-0.0235013	0.998684	-6.28464	-0.154266	-19.7592	6.27999
9.25	-0.0862597	0.995166	-6.2629	-0.549234	-19.7592	6.27999
9.26	-0.148677	0.987707	-6.21635	-0.942102	-19.7592	6.27999
9.27	-0.210505	0.976336	-6.14517	-1.33131	-19.7592	6.27999
9.28	-0.271499	0.961098	-6.04963	-1.71532	-19.7592	6.27999
9.29	-0.331417	0.942052	-5.93011	-2.09261	-19.7592	6.27999
9.3	-0.390022	0.919273	-5.78706	-2.46167	-19.7592	6.27999
9.31	-0.447082	0.892851	-5.62105	-2.82103	-19.7592	6.27999
9.32	-0.502369	0.862889	-5.43273	-3.16928	-19.7592	6.27999
9.33	-0.555665	0.829507	-5.22284	-3.50502	-19.7592	6.27999
9.34	-0.606757	0.792835	-4.9922	-3.82691	-19.7592	6.27999
9.35	-0.655442	0.753019	-4.74173	-4.13367	-19.7592	6.27999
9.36	-0.701528	0.710216	-4.47241	-4.42408	-19.7592	6.27999
9.37	-0.744831	0.664596	-4.18531	-4.69697	-19.7592	6.27999
9.38	-0.785179	0.616339	-3.88157	-4.95127	-19.7592	6.27999
9.39	-0.822411	0.565636	-3.56239	-5.18594	-19.7592	6.27999
9.4	-0.85638	0.512689	-3.22904	-5.40006	-19.7592	6.27999
9.41	-0.886949	0.457706	-2.88284	-5.59277	-19.7592	6.27999
9.42	-0.913998	0.400907	-2.52516	-5.76329	-19.7592	6.27999
9.43	-0.937419	0.342517	-2.15743	-5.91095	-19.7592	6.27999
9.44	-0.957118	0.282766	-1.78111	-6.03515	-19.7592	6.27999
9.45	-0.973018	0.221894	-1.3977	-6.1354	-19.7592	6.27999
9.46	-0.985054	0.16014	-1.00873	-6.21129	-19.7592	6.27999
9.47	-0.993179	0.0977499	-0.615738	-6.26252	-19.7592	6.27999
9.48	-0.99736	0.034972	-0.220293	-6.28889	-19.7592	6.27999
9.49	-0.997582	-0.0279447	0.176028	-6.29029	-19.7592	6.27999
9.5	-0.993842	-0.0907504	0.571649	-6.26671	-19.7592	6.27999
9.51	-0.986156	-0.153196	0.964993	-6.21825	-19.7593	6.27999
9.52	-0.974555	-0.215033	1.35449	-6.1451	-19.7593	6.27999
9.53	-0.959084	-0.276016	1.7386	-6.04755	-19.7593	6.27999
9.54	-0.939806	-0.335904	2.11579	-5.926	-19.7593	6.27999
9.55	-0.916797	-0.394458	2.48455	-5.78094	-19.7593	6.27999
9.56	-0.890148	-0.451446	2.84342	-5.61294	-19.7593	6.27999
9.57	-0.859966	-0.506643	3.19097	-5.42267	-19.7593	6.27999
9.58	-0.826371	-0.559828	3.52583	-5.2109	-19.7593	6.27999
9.59	-0.789496	-0.610792	3.84665	-4.97848	-19.7593	6.27999
9.6	-0.749489	-0.659332	4.15218	-4.72633	-19.7593	6.27999
9.61	-0.706508	-0.705256	4.4412	-4.45546	-19.7593	6.27999
9.62	-0.660724	-0.748382	4.71256	-4.16695	-19.7593	6.27999
9.63	-0.612319	-0.78854	4.96519	-3.86195	-19.7593	6.27999
9.64	-0.561486	-0.82557	5.19809	-3.54169	-19.7593	6.27999
9.65	-0.508426	-0.859327	5.41034	-3.20744	-19.7593	6.27999
9.66	-0.453351	-0.889677	5.60111	-2.86052	-19.7593	6.27999
9.67	-0.396478	-0.9165	5.76964	-2.50232	-19.7593	6.27999
9.68	-0.338034	-0.93969	5.91529	-2.13428	-19.7593	6.27999
9.69	-0.278251	-0.959157	6.03746	-1.75784	-19.7593	6.27999
9.7	-0.217365	-0.974824	6.1357	-1.3745	-19.7593	6.27999
9.71	-0.155618	-0.986629	6.20961	-0.985796	-19.7593	6.27999
9.72	-0.0932547	-0.994527	6.25892	-0.593259	-19.7593	6.27999
9.73	-0.0305221	-0.998487	6.28344	-0.198448	-19.7593	6.27999
9.74	0.0323313	-0.998494	6.28309	0.197073	-19.7593	6.27999
9.75	0.0950567	-0.994548	6.25786	0.591739	-19.7593	6.27999
9.76	0.157406	-0.986667	6.20788	0.983988	-19.7593	6.27999
9.77	0.219132	-0.974882	6.13334	1.37227	-19.7593	6.27999
9.78	0.279992	-0.95924	6.03456	1.75505	-19.7593	6.27999
9.79	0.339744	-0.939804	5.91193	2.13082	-19.7593	6.27999
9.8	0.398153	-0.916652	5.76595	2.4981	-19.7593	6.27999
9.81	0.454987	-0.889875	5.5972	2.85544	-19.7593	6.27999
9.82	0.510023	-0.859581	5.40635	3.20142	-19.7593	6.27999
9.83	0.563043	-0.825889	5.19416	3.5347	-19.7593	6.27999
9.84	0.613838	-0.788934	4.96149	3.85396	-19.7593	6.27999
9.85	0.662208	-0.748861	4.70925	4.15795	-19.7593	6.27999
9.86	0.707961	-0.70583	4.43844	4.44546	-19.7593	6.27999
9.87	0.750918	-0.66001	4.15013	4.71538	-19.7593	6.27999
9.88	0.790909	-0.611584	3.84547	4.96664	-19.7593	6.27999
9.89	0.827777	-0.560743	3.52567	5.19826	-19.7593	6.27999
9.9	0.861376	-0.507688	3.19197	5.40933	-19.7593	6.27999
9.91	0.891574	-0.452628	2.84571	5.59903	-19.7593	6.27999
9.92	0.918253	-0.395781	2.48824	5.7666	-19.7593	6.27999
9.93	0.941307	-0.337372	2.12098	5.9114	-19.7593	6.27999
9.94	0.960645	-0.277631	1.74536	6.03285	-19.7593	6.27999
9.95	0.976191	-0.216794	1.36288	6.13049	-19.7593	6.27999
9.96	0.987884	-0.155101	0.975041	6.20393	-19.7593	6.27999
9.97	0.995679	-0.0927969	0.583361	6.25288	-19.7593	6.27999
9.98	0.999544	-0.0301261	0.189385	6.27715	-19.7593	6.27999
9.99	0.999464	0.0326635	-0.205335	6.27665	-19.7593	6.27999
10	0.99544	0.0953243	-0.599248	6.25138	-19.7593	6.27999
