0	1	0	0	6.28	-19.7592
0.01	0.998026	0.0628	-0.394395	6.2676	-19.7592
0.02	0.992112	0.125352	-0.787232	6.23046	-19.7592
0.03	0.982281	0.187409	-1.17696	6.16873	-19.7592
0.04	0.968573	0.248727	-1.56204	6.08264	-19.7592
0.05	0.951041	0.309062	-1.94096	5.97253	-19.7592
0.06	0.929754	0.368177	-2.31222	5.83885	-19.7591
0.07	0.904796	0.425839	-2.67434	5.68212	-19.7591
0.08	0.876267	0.48182	-3.02591	5.50296	-19.7591
0.09	0.844278	0.535898	-3.36553	5.30207	-19.7591
0.1	0.808956	0.587861	-3.69187	5.08025	-19.759
0.11	0.770441	0.637503	-4.00363	4.83837	-19.759
0.12	0.728884	0.684628	-4.29958	4.57739	-19.759
0.13	0.684449	0.729051	-4.57856	4.29834	-19.7589
0.14	0.637312	0.770595	-4.83947	4.00232	-19.7589
0.15	0.58766	0.809097	-5.08127	3.6905	-19.7589
0.16	0.535687	0.844405	-5.30301	3.36411	-19.7588
0.17	0.4816	0.87638	-5.50381	3.02445	-19.7588
0.18	0.425611	0.904894	-5.68289	2.67284	-19.7588
0.19	0.367942	0.929836	-5.83953	2.31068	-19.7588
0.2	0.30882	0.951108	-5.97312	1.93939	-19.7587
0.21	0.24848	0.968624	-6.08312	1.56045	-19.7587
0.22	0.187158	0.982317	-6.16911	1.17535	-19.7587
0.23	0.125097	0.992131	-6.23075	0.785611	-19.7587
0.24	0.0625428	0.998029	-6.26779	0.392769	-19.7587
0.25	-0.0002585	0.999987	-6.28008	-0.00162338	-19.7587
0.26	-0.0630588	0.997996	-6.26759	-0.396009	-19.7587
0.27	-0.12561	0.992066	-6.23034	-0.788832	-19.7587
0.28	-0.187666	0.98222	-6.16851	-1.17854	-19.7587
0.29	-0.24898	0.968496	-6.08231	-1.5636	-19.7587
0.3	-0.309312	0.950948	-5.97211	-1.94248	-19.7587
0.31	-0.368423	0.929646	-5.83833	-2.31369	-19.7588
0.32	-0.426079	0.904674	-5.6815	-2.67577	-19.7588
0.33	-0.482053	0.876131	-5.50225	-3.02729	-19.7588
0.34	-0.536124	0.844128	-5.30127	-3.36686	-19.7588
0.35	-0.588078	0.808793	-5.07936	-3.69313	-19.7589
0.36	-0.637711	0.770266	-4.8374	-4.00482	-19.7589
0.37	-0.684826	0.728697	-4.57634	-4.30071	-19.7589
0.38	-0.729238	0.684251	-4.29721	-4.57961	-19.759
0.39	-0.77077	0.637105	-4.00112	-4.84044	-19.759
0.4	-0.80926	0.587443	-3.68924	-5.08215	-19.759
0.41	-0.844555	0.535462	-3.36279	-5.30381	-19.7591
0.42	-0.876516	0.481367	-3.02306	-5.50452	-19.7591
0.43	-0.905016	0.425371	-2.6714	-5.6835	-19.7591
0.44	-0.929944	0.367697	-2.3092	-5.84005	-19.7591
0.45	-0.9512	0.30857	-1.93787	-5.97354	-19.7592
0.46	-0.968701	0.248226	-1.5589	-6.08344	-19.7592
0.47	-0.982378	0.186901	-1.17377	-6.16934	-19.7592
0.48	-0.992177	0.124839	-0.784011	-6.23087	-19.7592
0.49	-0.998058	0.062284	-0.391154	-6.26781	-19.7592
0.5	-1	-0.000516994	0.00324681	-6.28	-19.7592
0.51	-0.997993	-0.063316	0.397635	-6.2674	-19.7592
0.52	-0.992047	-0.125865	0.790453	-6.23006	-19.7592
0.53	-0.982184	-0.187917	1.18015	-6.16812	-19.7592
0.54	-0.968444	-0.249227	1.56519	-6.08183	-19.7592
0.55	-0.950881	-0.309554	1.94405	-5.97153	-19.7592
0.56	-0.929563	-0.368658	2.31523	-5.83766	-19.7591
0.57	-0.904576	-0.426307	2.67728	-5.68074	-19.7591
0.58	-0.876018	-0.482273	3.02875	-5.50139	-19.7591
0.59	-0.844001	-0.536335	3.36827	-5.30033	-19.7591
0.6	-0.808652	-0.588279	3.69449	-5.07834	-19.759
0.61	-0.770111	-0.637901	4.00613	-4.8363	-19.759
0.62	-0.72853	-0.685005	4.30195	-4.57517	-19.759
0.63	-0.684072	-0.729405	4.58078	-4.29597	-19.7589
0.64	-0.636914	-0.770925	4.84154	-3.99982	-19.7589
0.65	-0.587241	-0.809401	5.08317	-3.68788	-19.7589
0.66	-0.53525	-0.844682	5.30475	-3.36137	-19.7588
0.67	-0.481146	-0.876629	5.50537	-3.0216	-19.7588
0.68	-0.425143	-0.905114	5.68427	-2.6699	-19.7588
0.69	-0.367461	-0.930026	5.84072	-2.30766	-19.7588
0.7	-0.308329	-0.951267	5.97412	-1.9363	-19.7587
0.71	-0.247979	-0.968753	6.08393	-1.55731	-19.7587
0.72	-0.18665	-0.982413	6.16972	-1.17216	-19.7587
0.73	-0.124584	-0.992196	6.23116	-0.78239	-19.7587
0.74	-0.0620268	-0.998061	6.26799	-0.389529	-19.7587
0.75	0.000775501	-0.999986	6.28008	0.00487015	-19.7587
0.76	0.0635748	-0.997964	6.26738	0.39925	-19.7587
0.77	0.126123	-0.992001	6.22993	0.792053	-19.7587
0.78	0.188173	-0.982123	6.1679	1.18173	-19.7587
0.79	0.249481	-0.968367	6.08151	1.56674	-19.7587
0.8	0.309804	-0.950788	5.97111	1.94557	-19.7587
0.81	0.368903	-0.929455	5.83714	2.31671	-19.7588
0.82	0.426546	-0.904454	5.68012	2.67871	-19.7588
0.83	0.482506	-0.875881	5.50068	3.03013	-19.7588
0.84	0.53656	-0.843851	5.29953	3.3696	-19.7588
0.85	0.588496	-0.808489	5.07745	3.69576	-19.7589
0.86	0.638109	-0.769936	4.83533	4.00732	-19.7589
0.87	0.685203	-0.728343	4.57411	4.30307	-19.7589
0.88	0.729591	-0.683874	4.29485	4.58183	-19.759
0.89	0.7711	-0.636706	3.99862	4.8425	-19.759
0.9	0.809564	-0.587024	3.68661	5.08406	-19.759
0.91	0.844832	-0.535025	3.36005	5.30554	-19.7591
0.92	0.876765	-0.480913	3.02022	5.50608	-19.7591
0.93	0.905236	-0.424903	2.66846	5.68488	-19.7591
0.94	0.930134	-0.367216	2.30618	5.84124	-19.7591
0.95	0.95136	-0.308079	1.93478	5.97454	-19.7592
0.96	0.96883	-0.247725	1.55575	6.08425	-19.7592
0.97	0.982475	-0.186394	1.17058	6.16994	-19.7592
0.98	0.992241	-0.124326	0.780789	6.23127	-19.7592
0.99	0.99809	-0.061768	0.387914	6.26801	-19.7592
1	0.999999	0.00103399	-0.00649362	6.28	-19.7592
1.01	0.997961	0.0638319	-0.400875	6.26719	-19.7592
1.02	0.991982	0.126378	-0.793674	6.22965	-19.7592
1.03	0.982087	0.188425	-1.18334	6.16751	-19.7592
1.04	0.968315	0.249728	-1.56833	6.08102	-19.7592
1.05	0.95072	0.310045	-1.94714	5.97052	-19.7592
1.06	0.929372	0.369138	-2.31825	5.83646	-19.7591
1.07	0.904355	0.426774	-2.68021	5.67935	-19.7591
1.08	0.875768	0.482726	-3.0316	5.49982	-19.7591
1.09	0.843723	0.536771	-3.37101	5.29858	-19.7591
1.1	0.808348	0.588697	-3.69712	5.07642	-19.759
1.11	0.769781	0.638299	-4.00863	4.83423	-19.759
1.12	0.728175	0.685382	-4.30431	4.57294	-19.759
1.13	0.683695	0.729758	-4.583	4.2936	-19.7589
1.14	0.636515	0.771254	-4.8436	3.99732	-19.7589
1.15	0.586823	0.809705	-5.08508	3.68525	-19.7589
1.16	0.534814	0.844959	-5.30648	3.35863	-19.7588
1.17	0.480693	0.876877	-5.50694	3.01875	-19.7588
1.18	0.424675	0.905334	-5.68565	2.66696	-19.7588
1.19	0.36698	0.930216	-5.84191	2.30464	-19.7588
1.2	0.307837	0.951426	-5.97512	1.93321	-19.7587
1.21	0.247478	0.968881	-6.08473	1.55416	-19.7587
1.22	0.186142	0.98251	-6.17033	1.16897	-19.7587
1.23	0.124071	0.99226	-6.23156	0.779168	-19.7587
1.24	0.0615108	0.998093	-6.26819	0.386288	-19.7587
1.25	-0.0012925	0.999986	-6.28008	-0.00811691	-19.7587
1.26	-0.0640907	0.997931	-6.26717	-0.40249	-19.7587
1.27	-0.126636	0.991936	-6.22952	-0.795274	-19.7587
1.28	-0.188681	0.982025	-6.16728	-1.18492	-19.7587
1.29	-0.249982	0.968238	-6.08069	-1.56988	-19.7587
1.3	-0.310295	0.950628	-5.9701	-1.94865	-19.7587
1.31	-0.369384	0.929265	-5.83594	-2.31973	-19.7588
1.32	-0.427014	0.904233	-5.67873	-2.68165	-19.7588
1.33	-0.482958	0.875632	-5.49911	-3.03298	-19.7588
1.34	-0.536996	0.843573	-5.29778	-3.37234	-19.7588
1.35	-0.588914	0.808185	-5.07554	-3.69838	-19.7589
1.36	-0.638507	0.769606	-4.83325	-4.00982	-19.7589
1.37	-0.685579	0.727988	-4.57189	-4.30544	-19.7589
1.38	-0.729945	0.683497	-4.29248	-4.58405	-19.759
1.39	-0.771429	0.636307	-3.99612	-4.84457	-19.759
1.4	-0.809867	0.586606	-3.68398	-5.08596	-19.759
1.41	-0.845108	0.534588	-3.3573	-5.30728	-19.7591
1.42	-0.877013	0.48046	-3.01737	-5.50764	-19.7591
1.43	-0.905456	0.424435	-2.66552	-5.68626	-19.7591
1.44	-0.930324	0.366735	-2.30316	-5.84243	-19.7591
1.45	-0.951519	0.307587	-1.9317	-5.97554	-19.7592
1.46	-0.968957	0.247224	-1.55261	-6.08505	-19.7592
1.47	-0.982571	0.185886	-1.16739	-6.17055	-19.7592
1.48	-0.992305	0.123813	-0.777568	-6.23168	-19.7592
1.49	-0.998122	0.061252	-0.384673	-6.26821	-19.7592
1.5	-0.999999	-0.00155098	0.00974042	-6.27999	-19.7592
1.51	-0.997927	-0.0643478	0.404115	-6.26698	-19.7592
1.52	-0.991916	-0.126891	0.796895	-6.22924	-19.7592
1.53	-0.98199	-0.188933	1.18653	-6.16689	-19.7592
1.54	-0.968186	-0.250229	1.57148	-6.08021	-19.7592
1.55	-0.95056	-0.310537	1.95022	-5.96952	-19.7592
1.56	-0.929181	-0.369619	2.32127	-5.83526	-19.7591
1.57	-0.904135	-0.427242	2.68315	-5.67797	-19.7591
1.58	-0.875518	-0.483178	3.03444	-5.49826	-19.7591
1.59	-0.843446	-0.537207	3.37375	-5.29684	-19.7591
1.6	-0.808043	-0.589115	3.69974	-5.07451	-19.759
1.61	-0.769451	-0.638697	4.01113	-4.83215	-19.759
1.62	-0.727821	-0.685758	4.30668	-4.57072	-19.759
1.63	-0.683318	-0.730112	4.58522	-4.29123	-19.7589
1.64	-0.636116	-0.771583	4.84567	-3.99481	-19.7589
1.65	-0.586404	-0.810008	5.08699	-3.68262	-19.7589
1.66	-0.534377	-0.845235	5.30822	-3.35589	-19.7588
1.67	-0.48024	-0.877126	5.5085	-3.01591	-19.7588
1.68	-0.424207	-0.905553	5.68703	-2.66402	-19.7588
1.69	-0.366499	-0.930406	5.84311	-2.30162	-19.7588
1.7	-0.307345	-0.951586	5.97612	-1.93013	-19.7587
1.71	-0.246977	-0.969008	6.08554	-1.55101	-19.7587
1.72	-0.185634	-0.982606	6.17093	-1.16578	-19.7587
1.73	-0.123558	-0.992324	6.23196	-0.775946	-19.7587
1.74	-0.0609948	-0.998125	6.26839	-0.383047	-19.7587
1.75	0.0018095	-0.999985	6.28007	0.0113637	-19.7587
1.76	0.0646067	-0.997897	6.26696	0.40573	-19.7587
1.77	0.127149	-0.99187	6.22911	0.798494	-19.7587
1.78	0.189189	-0.981928	6.16667	1.18811	-19.7587
1.79	0.250482	-0.968108	6.07988	1.57303	-19.7587
1.8	0.310787	-0.950467	5.96909	1.95174	-19.7587
1.81	0.369864	-0.929073	5.83474	2.32275	-19.7588
1.82	0.427481	-0.904012	5.67735	2.68458	-19.7588
1.83	0.483411	-0.875382	5.49754	3.03582	-19.7588
1.84	0.537432	-0.843296	5.29604	3.37507	-19.7588
1.85	0.589332	-0.80788	5.07362	3.701	-19.7589
1.86	0.638905	-0.769276	4.83118	4.01232	-19.7589
1.87	0.685955	-0.727634	4.56966	4.3078	-19.7589
1.88	0.730298	-0.68312	4.29011	4.58627	-19.759
1.89	0.771757	-0.635908	3.99361	4.84664	-19.759
1.9	0.81017	-0.586187	3.68135	5.08787	-19.759
1.91	0.845385	-0.534151	3.35456	5.30901	-19.7591
1.92	0.877261	-0.480007	3.01452	5.5092	-19.7591
1.93	0.905675	-0.423967	2.66258	5.68764	-19.7591
1.94	0.930513	-0.366254	2.30014	5.84362	-19.7591
1.95	0.951678	-0.307095	1.92861	5.97654	-19.7592
1.96	0.969085	-0.246723	1.54946	6.08585	-19.7592
1.97	0.982667	-0.185378	1.1642	6.17115	-19.7592
1.98	0.992369	-0.1233	0.774346	6.23208	-19.7592
1.99	0.998154	-0.060736	0.381432	6.26841	-19.7592
2	0.999998	0.00206797	-0.0129872	6.27999	-19.7592
2.01	0.997894	0.0648638	-0.407355	6.26677	-19.7592
2.02	0.991851	0.127403	-0.800115	6.22882	-19.7592
2.03	0.981892	0.18944	-1.18972	6.16628	-19.7592
2.04	0.968056	0.250729	-1.57462	6.07939	-19.7592
2.05	0.950399	0.311028	-1.95331	5.96851	-19.7592
2.06	0.92899	0.370099	-2.32429	5.83406	-19.7591
2.07	0.903914	0.427709	-2.68609	5.67658	-19.7591
2.08	0.875269	0.483631	-3.03728	5.49669	-19.7591
2.09	0.843168	0.537643	-3.37649	5.2951	-19.7591
2.1	0.807739	0.589533	-3.70236	5.0726	-19.759
2.11	0.769121	0.639095	-4.01362	4.83008	-19.759
2.12	0.727466	0.686134	-4.30904	4.56849	-19.759
2.13	0.68294	0.730465	-4.58744	4.28886	-19.7589
2.14	0.635717	0.771912	-4.84773	3.99231	-19.7589
2.15	0.585985	0.810311	-5.08889	3.67999	-19.7589
2.16	0.53394	0.845511	-5.30995	3.35314	-19.7588
2.17	0.479786	0.877374	-5.51005	3.01306	-19.7588
2.18	0.423739	0.905772	-5.6884	2.66108	-19.7588
2.19	0.366018	0.930595	-5.84429	2.29859	-19.7588
2.2	0.306853	0.951744	-5.97711	1.92704	-19.7587
2.21	0.246476	0.969136	-6.08634	1.54787	-19.7587
2.22	0.185126	0.982702	-6.17153	1.16259	-19.7587
2.23	0.123045	0.992388	-6.23236	0.772724	-19.7587
2.24	0.0604788	0.998156	-6.26859	0.379807	-19.7587
2.25	-0.0023265	0.999984	-6.28007	-0.0146104	-19.7587
2.26	-0.0651226	0.997864	-6.26675	-0.40897	-19.7587
2.27	-0.127662	0.991805	-6.2287	-0.801715	-19.7587
2.28	-0.189697	0.98183	-6.16605	-1.19129	-19.7587
2.29	-0.250983	0.967979	-6.07907	-1.57617	-19.7587
2.3	-0.311278	0.950306	-5.96808	-1.95483	-19.7587
2.31	-0.370344	0.928882	-5.83354	-2.32576	-19.7588
2.32	-0.427949	0.903791	-5.67596	-2.68752	-19.7588
2.33	-0.483863	0.875132	-5.49597	-3.03866	-19.7588
2.34	-0.537868	0.843018	-5.29429	-3.37781	-19.7588
2.35	-0.589749	0.807576	-5.07171	-3.70363	-19.7589
2.36	-0.639302	0.768945	-4.8291	-4.01482	-19.7589
2.37	-0.686331	0.727279	-4.56744	-4.31016	-19.7589
2.38	-0.730651	0.682742	-4.28773	-4.58849	-19.759
2.39	-0.772086	0.635509	-3.99111	-4.8487	-19.759
2.4	-0.810473	0.585768	-3.67872	-5.08977	-19.759
2.41	-0.845661	0.533714	-3.35181	-5.31075	-19.7591
2.42	-0.877509	0.479553	-3.01167	-5.51076	-19.7591
2.43	-0.905894	0.423499	-2.65964	-5.68901	-19.7591
2.44	-0.930702	0.365773	-2.29711	-5.84481	-19.7591
2.45	-0.951836	0.306603	-1.92552	-5.97753	-19.7592
2.46	-0.969213	0.246222	-1.54632	-6.08666	-19.7592
2.47	-0.982763	0.184869	-1.16101	-6.17175	-19.7592
2.48	-0.992433	0.122787	-0.771123	-6.23248	-19.7592
2.49	-0.998185	0.0602199	-0.378191	-6.2686	-19.7592
2.5	-0.999997	-0.00258497	0.016234	-6.27998	-19.7592
2.51	-0.99786	-0.0653797	0.410595	-6.26656	-19.7592
2.52	-0.991785	-0.127916	0.803335	-6.22841	-19.7592
2.53	-0.981794	-0.189948	1.1929	-6.16566	-19.7592
2.54	-0.967927	-0.25123	1.57776	-6.07858	-19.7592
2.55	-0.950238	-0.311519	1.95639	-5.9675	-19.7592
2.56	-0.928799	-0.370579	2.3273	-5.83286	-19.7591
2.57	-0.903692	-0.428177	2.68902	-5.67519	-19.7591
2.58	-0.875018	-0.484083	3.04012	-5.49512	-19.7591
2.59	-0.84289	-0.538079	3.37923	-5.29335	-19.7591
2.6	-0.807434	-0.58995	3.70499	-5.07068	-19.759
2.61	-0.76879	-0.639493	4.01612	-4.828	-19.759
2.62	-0.727111	-0.68651	4.3114	-4.56626	-19.759
2.63	-0.682562	-0.730818	4.58966	-4.28649	-19.7589
2.64	-0.635318	-0.77224	4.8498	-3.9898	-19.7589
2.65	-0.585566	-0.810614	5.09079	-3.67736	-19.7589
2.66	-0.533502	-0.845787	5.31169	-3.3504	-19.7588
2.67	-0.479333	-0.877622	5.51161	-3.01021	-19.7588
2.68	-0.42327	-0.905991	5.68978	-2.65814	-19.7588
2.69	-0.365537	-0.930784	5.84548	-2.29557	-19.7588
2.7	-0.306361	-0.951903	5.97811	-1.92394	-19.7587
2.71	-0.245975	-0.969263	6.08714	-1.54472	-19.7587
2.72	-0.184618	-0.982797	6.17213	-1.1594	-19.7587
2.73	-0.122532	-0.992451	6.23276	-0.769502	-19.7587
2.74	-0.0599627	-0.998187	6.26878	-0.376566	-19.7587
2.75	0.0028435	-0.999983	6.28006	0.0178572	-19.7587
2.76	0.0656385	-0.99783	6.26654	0.41221	-19.7587
2.77	0.128174	-0.991738	6.22828	0.804935	-19.7587
2.78	0.190204	-0.981731	6.16544	1.19448	-19.7587
2.79	0.251483	-0.967849	6.07825	1.57931	-19.7587
2.8	0.311769	-0.950145	5.96707	1.95791	-19.7587
2.81	0.370825	-0.928691	5.83233	2.32878	-19.7588
2.82	0.428416	-0.90357	5.67457	2.69045	-19.7588
2.83	0.484316	-0.874882	5.4944	3.0415	-19.7588
2.84	0.538304	-0.84274	5.29255	3.38055	-19.7588
2.85	0.590167	-0.807271	5.06979	3.70625	-19.7589
2.86	0.6397	-0.768615	4.82703	4.01731	-19.7589
2.87	0.686707	-0.726924	4.56521	4.31252	-19.7589
2.88	0.731004	-0.682364	4.28536	4.5907	-19.759
2.89	0.772415	-0.63511	3.9886	4.85076	-19.759
2.9	0.810776	-0.585349	3.67609	5.09167	-19.759
2.91	0.845936	-0.533277	3.34907	5.31248	-19.7591
2.92	0.877757	-0.479099	3.00882	5.51232	-19.7591
2.93	0.906113	-0.42303	2.6567	5.69039	-19.7591
2.94	0.930891	-0.365291	2.29409	5.846	-19.7591
2.95	0.951995	-0.30611	1.92243	5.97853	-19.7592
2.96	0.96934	-0.245721	1.54317	6.08745	-19.7592
2.97	0.982858	-0.184361	1.15782	6.17235	-19.7592
2.98	0.992496	-0.122274	0.767901	6.23288	-19.7592
2.99	0.998216	-0.0597039	0.37495	6.2688	-19.7592
3	0.999995	0.00310196	-0.0194808	6.27997	-19.7592
3.01	0.997826	0.0658955	-0.413835	6.26635	-19.7592
3.02	0.991718	0.128429	-0.806555	6.22799	-19.7592
3.03	0.981695	0.190455	-1.19609	6.16505	-19.7592
3.04	0.967797	0.25173	-1.58091	6.07776	-19.7592
3.05	0.950077	0.312011	-1.95948	5.96649	-19.7592
3.06	0.928607	0.37106	-2.33032	5.83165	-19.7591
3.07	0.903471	0.428644	-2.69195	5.6738	-19.7591
3.08	0.874768	0.484536	-3.04296	5.49354	-19.7591
3.09	0.842612	0.538515	-3.38196	5.2916	-19.7591
3.1	0.807129	0.590368	-3.70761	5.06877	-19.759
3.11	0.768459	0.63989	-4.01862	4.82593	-19.759
3.12	0.726756	0.686886	-4.31376	4.56403	-19.759
3.13	0.682184	0.731171	-4.59187	4.28412	-19.7589
3.14	0.634919	0.772568	-4.85186	3.98729	-19.7589
3.15	0.585147	0.810916	-5.09269	3.67472	-19.7589
3.16	0.533065	0.846063	-5.31342	3.34765	-19.7588
3.17	0.478879	0.877869	-5.51317	3.00736	-19.7588
3.18	0.422802	0.90621	-5.69115	2.6552	-19.7588
3.19	0.365056	0.930973	-5.84667	2.29255	-19.7588
3.2	0.305868	0.952061	-5.9791	1.92085	-19.7587
3.21	0.245474	0.96939	-6.08793	1.54157	-19.7587
3.22	0.18411	0.982893	-6.17273	1.15621	-19.7587
3.23	0.122019	0.992514	-6.23316	0.76628	-19.7587
3.24	0.0594466	0.998218	-6.26898	0.373325	-19.7587
3.25	-0.0033605	0.999981	-6.28005	-0.0211039	-19.7587
3.26	-0.0661544	0.997796	-6.26633	-0.415449	-19.7587
3.27	-0.128687	0.991672	-6.22787	-0.808155	-19.7587
3.28	-0.190712	0.981633	-6.16482	-1.19767	-19.7587
3.29	-0.251983	0.967719	-6.07744	-1.58246	-19.7587
3.3	-0.31226	0.949984	-5.96606	-1.961	-19.7587
3.31	-0.371305	0.928499	-5.83113	-2.33179	-19.7588
3.32	-0.428883	0.903348	-5.67318	-2.69338	-19.7588
3.33	-0.484768	0.874631	-5.49283	-3.04434	-19.7588
3.34	-0.53874	0.842461	-5.2908	-3.38328	-19.7588
3.35	-0.590584	0.806965	-5.06788	-3.70887	-19.7589
3.36	-0.640097	0.768284	-4.82495	-4.01981	-19.7589
3.37	-0.687083	0.726569	-4.56298	-4.31488	-19.7589
3.38	-0.731357	0.681986	-4.28299	-4.59292	-19.759
3.39	-0.772743	0.634711	-3.98609	-4.85283	-19.759
3.4	-0.811078	0.58493	-3.67346	-5.09357	-19.759
3.41	-0.846212	0.532839	-3.34632	-5.31421	-19.7591
3.42	-0.878005	0.478645	-3.00597	-5.51387	-19.7591
3.43	-0.906331	0.422562	-2.65376	-5.69176	-19.7591
3.44	-0.93108	0.36481	-2.29107	-5.84718	-19.7591
3.45	-0.952153	0.305618	-1.91933	-5.97952	-19.7592
3.46	-0.969467	0.24522	-1.54002	-6.08825	-19.7592
3.47	-0.982953	0.183853	-1.15463	-6.17295	-19.7592
3.48	-0.992559	0.121761	-0.764679	-6.23327	-19.7592
3.49	-0.998247	0.0591878	-0.371709	-6.26899	-19.7592
3.5	-0.999993	-0.00361895	0.0227276	-6.27996	-19.7592
3.51	-0.997792	-0.0664114	0.417075	-6.26614	-19.7592
3.52	-0.991652	-0.128942	0.809775	-6.22757	-19.7592
3.53	-0.981597	-0.190963	1.19928	-6.16443	-19.7592
3.54	-0.967666	-0.25223	1.58405	-6.07694	-19.7592
3.55	-0.949916	-0.312502	1.96256	-5.96547	-19.7592
3.56	-0.928415	-0.37154	2.33333	-5.83045	-19.7591
3.57	-0.903249	-0.429111	2.69489	-5.6724	-19.7591
3.58	-0.874517	-0.484988	3.0458	-5.49197	-19.7591
3.59	-0.842333	-0.53895	3.3847	-5.28985	-19.7591
3.6	-0.806823	-0.590785	3.71023	-5.06685	-19.759
3.61	-0.768129	-0.640287	4.02111	-4.82385	-19.759
3.62	-0.726401	-0.687262	4.31612	-4.5618	-19.759
3.63	-0.681806	-0.731523	4.59409	-4.28174	-19.7589
3.64	-0.634519	-0.772897	4.85392	-3.98478	-19.7589
3.65	-0.584728	-0.811219	5.09459	-3.67209	-19.7589
3.66	-0.532628	-0.846338	5.31515	-3.3449	-19.7588
3.67	-0.478425	-0.878117	5.51472	-3.00451	-19.7588
3.68	-0.422333	-0.906429	5.69252	-2.65225	-19.7588
3.69	-0.364574	-0.931162	5.84785	-2.28953	-19.7588
3.7	-0.305376	-0.952219	5.9801	-1.91776	-19.7587
3.71	-0.244972	-0.969517	6.08873	-1.53843	-19.7587
3.72	-0.183602	-0.982988	6.17333	-1.15302	-19.7587
3.73	-0.121506	-0.992577	6.23355	-0.763057	-19.7587
3.74	-0.0589305	-0.998249	6.26917	-0.370084	-19.7587
3.75	0.0038775	-0.999979	6.28004	0.0243507	-19.7587
3.76	0.0666702	-0.997762	6.26611	0.418689	-19.7587
3.77	0.1292	-0.991605	6.22745	0.811374	-19.7587
3.78	0.191219	-0.981534	6.1642	1.20086	-19.7587
3.79	0.252484	-0.967588	6.07662	1.5856	-19.7587
3.8	0.312751	-0.949822	5.96504	1.96408	-19.7587
3.81	0.371785	-0.928307	5.82992	2.33481	-19.7588
3.82	0.42935	-0.903126	5.67178	2.69632	-19.7588
3.83	0.48522	-0.87438	5.49125	3.04718	-19.7588
3.84	0.539175	-0.842182	5.28905	3.38602	-19.7588
3.85	0.591001	-0.80666	5.06596	3.71149	-19.7589
3.86	0.640494	-0.767953	4.82287	4.0223	-19.7589
3.87	0.687459	-0.726214	4.56074	4.31724	-19.7589
3.88	0.731709	-0.681608	4.28061	4.59513	-19.759
3.89	0.773071	-0.634311	3.98358	4.85489	-19.759
3.9	0.811381	-0.58451	3.67082	5.09547	-19.759
3.91	0.846487	-0.532402	3.34357	5.31594	-19.7591
3.92	0.878252	-0.478191	3.00312	5.51542	-19.7591
3.93	0.90655	-0.422093	2.65082	5.69313	-19.7591
3.94	0.931268	-0.364329	2.28805	5.84837	-19.7591
3.95	0.952311	-0.305126	1.91624	5.98051	-19.7592
3.96	0.969593	-0.244719	1.53687	6.08905	-19.7592
3.97	0.983048	-0.183345	1.15144	6.17354	-19.7592
3.98	0.992622	-0.121248	0.761456	6.23367	-19.7592
3.99	0.998277	-0.0586717	0.368468	6.26918	-19.7592
4	0.999991	0.00413594	-0.0259744	6.27995	-19.7592
4.01	0.997758	0.0669272	-0.420314	6.26592	-19.7592
4.02	0.991585	0.129454	-0.812995	6.22715	-19.7592
4.03	0.981498	0.19147	-1.20247	6.16381	-19.7592
4.04	0.967536	0.25273	-1.58719	6.07613	-19.7592
4.05	0.949754	0.312993	-1.96565	5.96446	-19.7592
4.06	0.928223	0.37202	-2.33635	5.82924	-19.7591
4.07	0.903027	0.429578	-2.69782	5.67101	-19.7591
4.08	0.874267	0.48544	-3.04864	5.49039	-19.7591
4.09	0.842054	0.539386	-3.38743	5.2881	-19.7591
4.1	0.806518	0.591202	-3.71285	5.06493	-19.759
4.11	0.767797	0.640684	-4.0236	4.82177	-19.759
4.12	0.726046	0.687637	-4.31848	4.55957	-19.759
4.13	0.681428	0.731876	-4.5963	4.27937	-19.7589
4.14	0.63412	0.773225	-4.85598	3.98227	-19.7589
4.15	0.584308	0.811521	-5.09649	3.66946	-19.7589
4.16	0.53219	0.846614	-5.31688	3.34215	-19.7588
4.17	0.477971	0.878364	-5.51627	3.00166	-19.7588
4.18	0.421865	0.906647	-5.69389	2.64931	-19.7588
4.19	0.364093	0.93135	-5.84904	2.2865	-19.7588
4.2	0.304884	0.952377	-5.98109	1.91467	-19.7587
4.21	0.244471	0.969644	-6.08952	1.53528	-19.7587
4.22	0.183093	0.983082	-6.17392	1.14983	-19.7587
4.23	0.120993	0.99264	-6.23395	0.759834	-19.7587
4.24	0.0584144	0.998279	-6.26936	0.366843	-19.7587
4.25	-0.00439449	0.999977	-6.28002	-0.0275974	-19.7587
4.26	-0.0671861	0.997727	-6.26589	-0.421928	-19.7587
4.27	-0.129712	0.991538	-6.22703	-0.814594	-19.7587
4.28	-0.191727	0.981435	-6.16358	-1.20404	-19.7587
4.29	-0.252984	0.967458	-6.0758	-1.58874	-19.7587
4.3	-0.313243	0.94966	-5.96403	-1.96716	-19.7587
4.31	-0.372264	0.928114	-5.82871	-2.33782	-19.7588
4.32	-0.429817	0.902904	-5.67039	-2.69925	-19.7588
4.33	-0.485672	0.874129	-5.48968	-3.05002	-19.7588
4.34	-0.53961	0.841904	-5.2873	-3.38875	-19.7588
4.35	-0.591418	0.806354	-5.06404	-3.71411	-19.7589
4.36	-0.640891	0.767621	-4.82079	-4.0248	-19.7589
4.37	-0.687834	0.725858	-4.55851	-4.3196	-19.7589
4.38	-0.732061	0.68123	-4.27824	-4.59735	-19.759
4.39	-0.773399	0.633911	-3.98107	-4.85694	-19.759
4.4	-0.811683	0.584091	-3.66819	-5.09737	-19.759
4.41	-0.846762	0.531964	-3.34082	-5.31767	-19.7591
4.42	-0.878499	0.477737	-3.00027	-5.51698	-19.7591
4.43	-0.906768	0.421625	-2.64787	-5.6945	-19.7591
4.44	-0.931457	0.363847	-2.28502	-5.84955	-19.7591
4.45	-0.952468	0.304634	-1.91315	-5.9815	-19.7592
4.46	-0.96972	0.244217	-1.53373	-6.08984	-19.7592
4.47	-0.983143	0.182837	-1.14825	-6.17414	-19.7592
4.48	-0.992685	0.120734	-0.758233	-6.23406	-19.7592
4.49	-0.998307	0.0581556	-0.365227	-6.26937	-19.7592
4.5	-0.999989	-0.00465293	0.0292212	-6.27993	-19.7592
4.51	-0.997723	-0.0674431	0.423554	-6.2657	-19.7592
4.52	-0.991518	-0.129967	0.816214	-6.22673	-19.7592
4.53	-0.981399	-0.191978	1.20565	-6.16318	-19.7592
4.54	-0.967405	-0.253231	1.59033	-6.0753	-19.7592
4.55	-0.949592	-0.313484	1.96873	-5.96344	-19.7592
4.56	-0.92803	-0.372499	2.33936	-5.82803	-19.7591
4.57	-0.902805	-0.430044	2.70075	-5.66962	-19.7591
4.58	-0.874015	-0.485892	3.05148	-5.48882	-19.7591
4.59	-0.841775	-0.539821	3.39017	-5.28635	-19.7591
4.6	-0.806212	-0.591619	3.71546	-5.06301	-19.759
4.61	-0.767466	-0.641081	4.0261	-4.81969	-19.759
4.62	-0.72569	-0.688012	4.32083	-4.55733	-19.759
4.63	-0.681049	-0.732228	4.59851	-4.27699	-19.7589
4.64	-0.63372	-0.773552	4.85804	-3.97976	-19.7589
4.65	-0.583889	-0.811823	5.09838	-3.66682	-19.7589
4.66	-0.531752	-0.846889	5.3186	-3.3394	-19.7588
4.67	-0.477517	-0.878611	5.51782	-2.9988	-19.7588
4.68	-0.421396	-0.906865	5.69526	-2.64637	-19.7588
4.69	-0.363611	-0.931538	5.85022	-2.28348	-19.7588
4.7	-0.304391	-0.952534	5.98208	-1.91158	-19.7587
4.71	-0.24397	-0.96977	6.09032	-1.53213	-19.7587
4.72	-0.182585	-0.983177	6.17452	-1.14663	-19.7587
4.73	-0.120479	-0.992703	6.23434	-0.756611	-19.7587
4.74	-0.0578983	-0.998309	6.26955	-0.363601	-19.7587
4.75	0.00491149	-0.999975	6.28001	0.0308442	-19.7587
4.76	0.0677019	-0.997692	6.26567	0.425168	-19.7587
4.77	0.130225	-0.991471	6.22661	0.817813	-19.7587
4.78	0.192234	-0.981336	6.16295	1.20723	-19.7587
4.79	0.253484	-0.967327	6.07497	1.59188	-19.7587
4.8	0.313733	-0.949498	5.96301	1.97025	-19.7587
4.81	0.372744	-0.927922	5.8275	2.34083	-19.7588
4.82	0.430284	-0.902682	5.66899	2.70218	-19.7588
4.83	0.486124	-0.873878	5.4881	3.05286	-19.7588
4.84	0.540046	-0.841625	5.28554	3.39149	-19.7588
4.85	0.591835	-0.806048	5.06212	3.71672	-19.7589
4.86	0.641288	-0.76729	4.81871	4.02729	-19.7589
4.87	0.688209	-0.725503	4.55628	4.32195	-19.7589
4.88	0.732414	-0.680851	4.27586	4.59956	-19.759
4.89	0.773726	-0.633511	3.97856	4.859	-19.759
4.9	0.811985	-0.583671	3.66555	5.09926	-19.759
4.91	0.847037	-0.531526	3.33807	5.31939	-19.7591
4.92	0.878746	-0.477283	2.99742	5.51853	-19.7591
4.93	0.906986	-0.421156	2.64493	5.69587	-19.7591
4.94	0.931645	-0.363366	2.282	5.85073	-19.7591
4.95	0.952626	-0.304141	1.91006	5.98249	-19.7592
4.96	0.969846	-0.243716	1.53058	6.09063	-19.7592
4.97	0.983237	-0.182328	1.14505	6.17473	-19.7592
4.98	0.992747	-0.120221	0.75501	6.23445	-19.7592
4.99	0.998337	-0.0576394	0.361985	6.26956	-19.7592
5	0.999987	0.00516992	-0.0324679	6.27992	-19.7592
5.01	0.997688	0.0679589	-0.426793	6.26548	-19.7592
5.02	0.991451	0.13048	-0.819433	6.22631	-19.7592
5.03	0.981299	0.192485	-1.20884	6.16256	-19.7592
5.04	0.967274	0.253731	-1.59347	6.07448	-19.7592
5.05	0.94943	0.313975	-1.97181	5.96242	-19.7592
5.06	0.927838	0.372979	-2.34237	5.82682	-19.7591
5.07	0.902583	0.430511	-2.70368	5.66822	-19.7591
5.08	0.873764	0.486344	-3.05432	5.48724	-19.7591
5.09	0.841496	0.540256	-3.3929	5.2846	-19.7591
5.1	0.805906	0.592035	-3.71808	5.06109	-19.759
5.11	0.767135	0.641478	-4.02859	4.8176	-19.759
5.12	0.725334	0.688388	-4.32319	4.5551	-19.759
5.13	0.680671	0.73258	-4.60072	4.27461	-19.7589
5.14	0.63332	0.77388	-4.86009	3.97725	-19.7589
5.15	0.583469	0.812125	-5.10028	3.66418	-19.7589
5.16	0.531314	0.847163	-5.32033	3.33665	-19.7588
5.17	0.477062	0.878858	-5.51937	2.99595	-19.7588
5.18	0.420927	0.907082	-5.69663	2.64342	-19.7588
5.19	0.36313	0.931726	-5.8514	2.28045	-19.7588
5.2	0.303899	0.952692	-5.98306	1.90849	-19.7587
5.21	0.243468	0.969896	-6.09111	1.52898	-19.7587
5.22	0.182077	0.983271	-6.17511	1.14344	-19.7587
5.23	0.119966	0.992765	-6.23473	0.753388	-19.7587
5.24	0.0573821	0.998339	-6.26974	0.36036	-19.7587
5.25	-0.00542848	0.999972	-6.27999	-0.0340909	-19.7587
5.26	-0.0682177	0.997657	-6.26545	-0.428407	-19.7587
5.27	-0.130738	0.991404	-6.22618	-0.821032	-19.7587
5.28	-0.192741	0.981236	-6.16233	-1.21042	-19.7587
5.29	-0.253984	0.967195	-6.07415	-1.59502	-19.7587
5.3	-0.314224	0.949336	-5.96199	-1.97333	-19.7587
5.31	-0.373224	0.927729	-5.82629	-2.34385	-19.7588
5.32	-0.43075	0.902459	-5.66759	-2.70511	-19.7588
5.33	-0.486576	0.873627	-5.48652	-3.0557	-19.7588
5.34	-0.540481	0.841345	-5.28379	-3.39422	-19.7588
5.35	-0.592252	0.805742	-5.0602	-3.71934	-19.7589
5.36	-0.641685	0.766958	-4.81663	-4.02978	-19.7589
5.37	-0.688584	0.725147	-4.55404	-4.32431	-19.7589
5.38	-0.732765	0.680472	-4.27348	-4.60177	-19.759
5.39	-0.774054	0.633111	-3.97605	-4.86106	-19.759
5.4	-0.812286	0.583251	-3.66291	-5.10116	-19.759
5.41	-0.847312	0.531088	-3.33532	-5.32112	-19.7591
5.42	-0.878993	0.476829	-2.99456	-5.52007	-19.7591
5.43	-0.907203	0.420687	-2.64198	-5.69724	-19.7591
5.44	-0.931832	0.362884	-2.27897	-5.85191	-19.7591
5.45	-0.952783	0.303649	-1.90696	-5.98348	-19.7592
5.46	-0.969972	0.243214	-1.52743	-6.09142	-19.7592
5.47	-0.983331	0.18182	-1.14186	-6.17532	-19.7592
5.48	-0.992809	0.119708	-0.751786	-6.23484	-19.7592
5.49	-0.998367	0.0571233	-0.358744	-6.26975	-19.7592
5.5	-0.999984	-0.0056869	0.0357147	-6.2799	-19.7592
5.51	-0.997653	-0.0684747	0.430032	-6.26526	-19.7592
5.52	-0.991383	-0.130992	0.822652	-6.22589	-19.7592
5.53	-0.9812	-0.192992	1.21202	-6.16193	-19.7592
5.54	-0.967143	-0.254231	1.59661	-6.07366	-19.7592
5.55	-0.949268	-0.314466	1.9749	-5.9614	-19.7592
5.56	-0.927645	-0.373459	2.34538	-5.82561	-19.7591
5.57	-0.90236	-0.430978	2.70661	-5.66682	-19.7591
5.58	-0.873513	-0.486795	3.05716	-5.48566	-19.7591
5.59	-0.841217	-0.540691	3.39563	-5.28284	-19.7591
5.6	-0.8056	-0.592452	3.7207	-5.05917	-19.759
5.61	-0.766803	-0.641874	4.03108	-4.81552	-19.759
5.62	-0.724978	-0.688762	4.32554	-4.55286	-19.759
5.63	-0.680292	-0.732932	4.60293	-4.27223	-19.7589
5.64	-0.63292	-0.774207	4.86215	-3.97474	-19.7589
5.65	-0.583049	-0.812426	5.10217	-3.66155	-19.7589
5.66	-0.530876	-0.847438	5.32205	-3.3339	-19.7588
5.67	-0.476608	-0.879104	5.52092	-2.9931	-19.7588
5.68	-0.420458	-0.9073	5.698	-2.64048	-19.7588
5.69	-0.362648	-0.931914	5.85257	-2.27743	-19.7588
5.7	-0.303406	-0.952849	5.98405	-1.90539	-19.7587
5.71	-0.242967	-0.970022	6.0919	-1.52583	-19.7587
5.72	-0.181568	-0.983365	6.1757	-1.14025	-19.7587
5.73	-0.119453	-0.992827	6.23512	-0.750165	-19.7587
5.74	-0.056866	-0.998368	6.26992	-0.357118	-19.7587
5.75	0.00594548	-0.999969	6.27997	0.0373376	-19.7587
5.76	0.0687335	-0.997622	6.26523	0.431646	-19.7587
5.77	0.13125	-0.991336	6.22576	0.824251	-19.7587
5.78	0.193249	-0.981137	6.1617	1.2136	-19.7587
5.79	0.254484	-0.967064	6.07332	1.59816	-19.7587
5.8	0.314715	-0.949174	5.96097	1.97641	-19.7587
5.81	0.373704	-0.927536	5.82508	2.34686	-19.7588
5.82	0.431217	-0.902236	5.6662	2.70804	-19.7588
5.83	0.487027	-0.873375	5.48494	3.05853	-19.7588
5.84	0.540916	-0.841066	5.28203	3.39695	-19.7588
5.85	0.592668	-0.805436	5.05827	3.72196	-19.7589
5.86	0.642081	-0.766627	4.81454	4.03227	-19.7589
5.87	0.688959	-0.724791	4.55181	4.32666	-19.7589
5.88	0.733117	-0.680093	4.2711	4.60398	-19.759
5.89	0.774381	-0.632711	3.97353	4.86311	-19.759
5.9	0.812588	-0.582831	3.66028	5.10305	-19.759
5.91	0.847587	-0.53065	3.33257	5.32284	-19.7591
5.92	0.879239	-0.476374	2.99171	5.52162	-19.7591
5.93	0.907421	-0.420218	2.63904	5.6986	-19.7591
5.94	0.93202	-0.362402	2.27595	5.85309	-19.7591
5.95	0.95294	-0.303156	1.90387	5.98446	-19.7592
5.96	0.970097	-0.242713	1.52428	6.09221	-19.7592
5.97	0.983425	-0.181312	1.13867	6.17591	-19.7592
5.98	0.992871	-0.119195	0.748563	6.23523	-19.7592
5.99	0.998396	-0.0566071	0.355502	6.26993	-19.7592
6	0.999981	0.00620389	-0.0389615	6.27988	-19.7592
6.01	0.997617	0.0689904	-0.433272	6.26504	-19.7592
6.02	0.991315	0.131505	-0.825871	6.22546	-19.7592
6.03	0.9811	0.1935	-1.21521	6.16131	-19.7592
6.04	0.967011	0.254731	-1.59975	6.07283	-19.7592
6.05	0.949105	0.314956	-1.97798	5.96038	-19.7592
6.06	0.927452	0.373938	-2.3484	5.8244	-19.7591
6.07	0.902137	0.431444	-2.70954	5.66542	-19.7591
6.08	0.873261	0.487247	-3.05999	5.48408	-19.7591
6.09	0.840937	0.541126	-3.39836	5.28108	-19.7591
6.1	0.805294	0.592868	-3.72331	5.05724	-19.759
6.11	0.766471	0.642271	-4.03357	4.81344	-19.759
6.12	0.724622	0.689137	-4.3279	4.55063	-19.759
6.13	0.679913	0.733283	-4.60514	4.26985	-19.7589
6.14	0.632519	0.774534	-4.8642	3.97222	-19.7589
6.15	0.582629	0.812728	-5.10407	3.65891	-19.7589
6.16	0.530438	0.847712	-5.32378	3.33115	-19.7588
6.17	0.476153	0.879351	-5.52247	2.99024	-19.7588
6.18	0.419989	0.907517	-5.69936	2.63753	-19.7588
6.19	0.362166	0.932101	-5.85375	2.2744	-19.7588
6.2	0.302914	0.953005	-5.98503	1.9023	-19.7587
6.21	0.242465	0.970147	-6.09269	1.52268	-19.7587
6.22	0.18106	0.983459	-6.17629	1.13706	-19.7587
6.23	0.11894	0.992888	-6.2355	0.746941	-19.7587
6.24	0.0563498	0.998398	-6.27011	0.353877	-19.7587
6.25	-0.00646247	0.999966	-6.27995	-0.0405843	-19.7587
6.26	-0.0692492	0.997586	-6.26501	-0.434885	-19.7587
6.27	-0.131763	0.991268	-6.22533	-0.827469	-19.7587
6.28	-0.193756	0.981037	-6.16107	-1.21679	-19.7587
6.29	-0.254984	0.966932	-6.0725	-1.6013	-19.7587
6.3	-0.315206	0.949011	-5.95995	-1.97949	-19.7587
6.31	-0.374183	0.927342	-5.82387	-2.34987	-19.7588
6.32	-0.431683	0.902013	-5.66479	-2.71097	-19.7588
6.33	-0.487479	0.873123	-5.48336	-3.06137	-19.7588
6.34	-0.54135	0.840786	-5.28028	-3.39968	-19.7588
6.35	-0.593084	0.805129	-5.05635	-3.72457	-19.7589
6.36	-0.642477	0.766295	-4.81246	-4.03476	-19.7589
6.37	-0.689334	0.724434	-4.54957	-4.32902	-19.7589
6.38	-0.733469	0.679714	-4.26872	-4.60618	-19.759
6.39	-0.774708	0.632311	-3.97102	-4.86517	-19.759
6.4	-0.812889	0.582411	-3.65764	-5.10494	-19.759
6.41	-0.847861	0.530212	-3.32982	-5.32457	-19.7591
6.42	-0.879485	0.47592	-2.98885	-5.52317	-19.7591
6.43	-0.907638	0.419748	-2.63609	-5.69997	-19.7591
6.44	-0.932207	0.36192	-2.27292	-5.85426	-19.7591
6.45	-0.953096	0.302663	-1.90078	-5.98544	-19.7592
6.46	-0.970223	0.242211	-1.52113	-6.093	-19.7592
6.47	-0.983519	0.180803	-1.13547	-6.1765	-19.7592
6.48	-0.992932	0.118681	-0.745339	-6.23561	-19.7592
6.49	-0.998426	0.056091	-0.352261	-6.27011	-19.7592
6.5	-0.999977	-0.00672087	0.0422082	-6.27986	-19.7592
6.51	-0.997581	-0.0695062	0.436511	-6.26481	-19.7592
6.52	-0.991247	-0.132017	0.82909	-6.22503	-19.7592
6.53	-0.981	-0.194007	1.2184	-6.16068	-19.7592
6.54	-0.966879	-0.255231	1.60289	-6.072	-19.7592
6.55	-0.948942	-0.315447	1.98106	-5.95935	-19.7592
6.56	-0.927258	-0.374418	2.35141	-5.82318	-19.7591
6.57	-0.901914	-0.43191	2.71247	-5.66402	-19.7591
6.58	-0.873009	-0.487698	3.06283	-5.48249	-19.7591
6.59	-0.840657	-0.54156	3.40109	-5.27933	-19.7591
6.6	-0.804987	-0.593285	3.72593	-5.05532	-19.759
6.61	-0.766139	-0.642667	4.03605	-4.81135	-19.759
6.62	-0.724266	-0.689512	4.33025	-4.54839	-19.759
6.63	-0.679534	-0.733635	4.60735	-4.26747	-19.7589
6.64	-0.632119	-0.774861	4.86626	-3.96971	-19.7589
6.65	-0.582209	-0.813029	5.10596	-3.65627	-19.7589
6.66	-0.53	-0.847986	5.3255	-3.3284	-19.7588
6.67	-0.475699	-0.879597	5.52401	-2.98739	-19.7588
6.68	-0.419519	-0.907734	5.70072	-2.63458	-19.7588
6.69	-0.361684	-0.932288	5.85493	-2.27138	-19.7588
6.7	-0.302421	-0.953162	5.98602	-1.8992	-19.7587
6.71	-0.241964	-0.970272	6.09347	-1.51953	-19.7587
6.72	-0.180551	-0.983552	6.17687	-1.13386	-19.7587
6.73	-0.118426	-0.99295	6.23589	-0.743717	-19.7587
6.74	-0.0558336	-0.998427	6.27029	-0.350635	-19.7587
6.75	0.00697946	-0.999962	6.27993	0.043831	-19.7587
6.76	0.069765	-0.99755	6.26478	0.438124	-19.7587
6.77	0.132275	-0.9912	6.2249	0.830688	-19.7587
6.78	0.194263	-0.980936	6.16045	1.21997	-19.7587
6.79	0.255484	-0.9668	6.07167	1.60444	-19.7587
6.8	0.315696	-0.948848	5.95892	1.98257	-19.7587
6.81	0.374662	-0.927149	5.82265	2.35288	-19.7588
6.82	0.432149	-0.90179	5.66339	2.7139	-19.7588
6.83	0.48793	-0.872871	5.48178	3.0642	-19.7588
6.84	0.541785	-0.840506	5.27852	3.40241	-19.7588
6.85	0.593501	-0.804823	5.05442	3.72718	-19.7589
6.86	0.642873	-0.765962	4.81037	4.03724	-19.7589
6.87	0.689708	-0.724078	4.54733	4.33137	-19.7589
6.88	0.73382	-0.679335	4.26634	4.60839	-19.759
6.89	0.775035	-0.63191	3.9685	4.86722	-19.759
6.9	0.81319	-0.581991	3.655	5.10683	-19.759
6.91	0.848135	-0.529773	3.32707	5.32629	-19.7591
6.92	0.879731	-0.475465	2.986	5.52471	-19.7591
6.93	0.907855	-0.419279	2.63314	5.70133	-19.7591
6.94	0.932394	-0.361438	2.26989	5.85544	-19.7591
6.95	0.953253	-0.30217	1.89768	5.98643	-19.7592
6.96	0.970348	-0.24171	1.51798	6.09378	-19.7592
6.97	0.983612	-0.180295	1.13228	6.17708	-19.7592
6.98	0.992993	-0.118168	0.742115	6.236	-19.7592
6.99	0.998454	-0.0555748	0.349019	6.27029	-19.7592
7	0.999974	0.00723785	-0.0454549	6.27984	-19.7592
7.01	0.997545	0.0700219	-0.439749	6.26459	-19.7592
7.02	0.991179	0.13253	-0.832308	6.2246	-19.7592
7.03	0.980899	0.194514	-1.22158	6.16005	-19.7592
7.04	0.966747	0.25573	-1.60603	6.07117	-19.7592
7.05	0.948779	0.315937	-1.98414	5.95833	-19.7592
7.06	0.927064	0.374897	-2.35442	5.82196	-19.7591
7.07	0.90169	0.432377	-2.7154	5.66262	-19.7591
7.08	0.872756	0.488149	-3.06566	5.48091	-19.7591
7.09	0.840377	0.541995	-3.40382	5.27757	-19.7591
7.1	0.80468	0.593701	-3.72854	5.05339	-19.759
7.11	0.765806	0.643063	-4.03854	4.80926	-19.759
7.12	0.723909	0.689886	-4.3326	4.54615	-19.759
7.13	0.679154	0.733986	-4.60955	4.26509	-19.7589
7.14	0.631718	0.775188	-4.86831	3.96719	-19.7589
7.15	0.581788	0.81333	-5.10785	3.65363	-19.7589
7.16	0.529561	0.84826	-5.32722	3.32564	-19.7588
7.17	0.475244	0.879842	-5.52556	2.98453	-19.7588
7.18	0.41905	0.907951	-5.70208	2.63163	-19.7588
7.19	0.361202	0.932475	-5.8561	2.26835	-19.7588
7.2	0.301928	0.953318	-5.987	1.89611	-19.7587
7.21	0.241462	0.970397	-6.09426	1.51638	-19.7587
7.22	0.180043	0.983646	-6.17746	1.13067	-19.7587
7.23	0.117913	0.993011	-6.23627	0.740493	-19.7587
7.24	0.0553174	0.998455	-6.27047	0.347393	-19.7587
7.25	-0.00749644	0.999959	-6.27991	-0.0470777	-19.7587
7.26	-0.0702807	0.997514	-6.26455	-0.441363	-19.7587
7.27	-0.132788	0.991131	-6.22447	-0.833906	-19.7587
7.28	-0.19477	0.980836	-6.15981	-1.22316	-19.7587
7.29	-0.255984	0.966668	-6.07084	-1.60758	-19.7587
7.3	-0.316187	0.948684	-5.9579	-1.98565	-19.7587
7.31	-0.375142	0.926955	-5.82143	-2.35589	-19.7588
7.32	-0.432616	0.901566	-5.66199	-2.71683	-19.7588
7.33	-0.488382	0.872619	-5.48019	-3.06704	-19.7588
7.34	-0.542219	0.840226	-5.27676	-3.40514	-19.7588
7.35	-0.593917	0.804516	-5.05249	-3.7298	-19.7589
7.36	-0.643269	0.76563	-4.80828	-4.03973	-19.7589
7.37	-0.690082	0.723721	-4.54509	-4.33372	-19.7589
7.38	-0.734171	0.678955	-4.26395	-4.61059	-19.759
7.39	-0.775361	0.631509	-3.96598	-4.86927	-19.759
7.4	-0.813491	0.58157	-3.65236	-5.10872	-19.759
7.41	-0.848409	0.529335	-3.32431	-5.32801	-19.7591
7.42	-0.879977	0.47501	-2.98314	-5.52626	-19.7591
7.43	-0.908071	0.41881	-2.6302	-5.70269	-19.7591
7.44	-0.932581	0.360956	-2.26687	-5.85661	-19.7591
7.45	-0.953409	0.301678	-1.89459	-5.98741	-19.7592
7.46	-0.970473	0.241208	-1.51483	-6.09457	-19.7592
7.47	-0.983705	0.179786	-1.12909	-6.17767	-19.7592
7.48	-0.993054	0.117655	-0.738891	-6.23638	-19.7592
7.49	-0.998483	0.0550586	-0.345777	-6.27047	-19.7592
7.5	-0.99997	-0.00775483	0.0487016	-6.27981	-19.7592
7.51	-0.997509	-0.0705376	0.442988	-6.26436	-19.7592
7.52	-0.99111	-0.133042	0.835526	-6.22417	-19.7592
7.53	-0.980799	-0.195021	1.22477	-6.15941	-19.7592
7.54	-0.966615	-0.25623	1.60917	-6.07034	-19.7592
7.55	-0.948615	-0.316428	1.98722	-5.9573	-19.7592
7.56	-0.92687	-0.375376	2.35743	-5.82075	-19.7591
7.57	-0.901467	-0.432843	2.71833	-5.66121	-19.7591
7.58	-0.872504	-0.488601	3.06849	-5.47932	-19.7591
7.59	-0.840097	-0.542429	3.40655	-5.27581	-19.7591
7.6	-0.804373	-0.594117	3.73115	-5.05146	-19.759
7.61	-0.765474	-0.643459	4.04103	-4.80717	-19.759
7.62	-0.723552	-0.69026	4.33495	-4.54391	-19.759
7.63	-0.678775	-0.734337	4.61176	-4.26271	-19.7589
7.64	-0.631317	-0.775514	4.87036	-3.96467	-19.7589
7.65	-0.581368	-0.81363	5.10973	-3.65099	-19.7589
7.66	-0.529123	-0.848534	5.32894	-3.32289	-19.7588
7.67	-0.474789	-0.880088	5.5271	-2.98167	-19.7588
7.68	-0.418581	-0.908168	5.70344	-2.62869	-19.7588
7.69	-0.36072	-0.932662	5.85727	-2.26532	-19.7588
7.7	-0.301435	-0.953474	5.98798	-1.89301	-19.7587
7.71	-0.24096	-0.970522	6.09504	-1.51323	-19.7587
7.72	-0.179534	-0.983739	6.17804	-1.12748	-19.7587
7.73	-0.1174	-0.993071	6.23666	-0.737269	-19.7587
7.74	-0.0548012	-0.998484	6.27065	-0.344152	-19.7587
7.75	0.00801343	-0.999955	6.27988	0.0503243	-19.7587
7.76	0.0707964	-0.997477	6.26433	0.444602	-19.7587
7.77	0.1333	-0.991062	6.22404	0.837124	-19.7587
7.78	0.195277	-0.980735	6.15918	1.22634	-19.7587
7.79	0.256484	-0.966536	6.07001	1.61072	-19.7587
7.8	0.316677	-0.948521	5.95687	1.98873	-19.7587
7.81	0.375621	-0.926761	5.82021	2.3589	-19.7588
7.82	0.433082	-0.901343	5.66058	2.71975	-19.7588
7.83	0.488833	-0.872366	5.4786	3.06987	-19.7588
7.84	0.542654	-0.839945	5.275	3.40787	-19.7588
7.85	0.594333	-0.804209	5.05057	3.73241	-19.7589
7.86	0.643665	-0.765297	4.80619	4.04222	-19.7589
7.87	0.690456	-0.723364	4.54285	4.33607	-19.7589
7.88	0.734522	-0.678576	4.26157	4.6128	-19.759
7.89	0.775688	-0.631108	3.96347	4.87132	-19.759
7.9	0.813791	-0.581149	3.64972	5.11061	-19.759
7.91	0.848682	-0.528896	3.32156	5.32972	-19.7591
7.92	0.880222	-0.474555	2.98028	5.5278	-19.7591
7.93	0.908288	-0.41834	2.62725	5.70405	-19.7591
7.94	0.932767	-0.360474	2.26384	5.85778	-19.7591
7.95	0.953565	-0.301185	1.89149	5.98839	-19.7592
7.96	0.970597	-0.240706	1.51168	6.09535	-19.7592
7.97	0.983798	-0.179278	1.12589	6.17825	-19.7592
7.98	0.993115	-0.117141	0.735667	6.23676	-19.7592
7.99	0.998511	-0.0545424	0.342535	6.27065	-19.7592
8	0.999966	0.00827181	-0.0519484	6.27979	-19.7592
8.01	0.997472	0.0710533	-0.446227	6.26413	-19.7592
8.02	0.991041	0.133554	-0.838744	6.22374	-19.7592
8.03	0.980698	0.195528	-1.22795	6.15878	-19.7592
8.04	0.966482	0.25673	-1.61231	6.06951	-19.7592
8.05	0.948451	0.316918	-1.9903	5.95627	-19.7592
8.06	0.926676	0.375855	-2.36044	5.81953	-19.7591
8.07	0.901243	0.433309	-2.72125	5.6598	-19.7591
8.08	0.872251	0.489052	-3.07133	5.47774	-19.7591
8.09	0.839816	0.542864	-3.40927	5.27405	-19.7591
8.1	0.804066	0.594532	-3.73376	5.04953	-19.759
8.11	0.765141	0.643854	-4.04351	4.80509	-19.759
8.12	0.723195	0.690634	-4.3373	4.54167	-19.759
8.13	0.678395	0.734688	-4.61396	4.26032	-19.7589
8.14	0.630916	0.775841	-4.87241	3.96215	-19.7589
8.15	0.580947	0.813931	-5.11162	3.64835	-19.7589
8.16	0.528684	0.848807	-5.33065	3.32013	-19.7588
8.17	0.474334	0.880333	-5.52864	2.97882	-19.7588
8.18	0.418111	0.908384	-5.7048	2.62574	-19.7588
8.19	0.360238	0.932848	-5.85844	2.26229	-19.7588
8.2	0.300942	0.95363	-5.98895	1.88992	-19.7587
8.21	0.240459	0.970646	-6.09582	1.51008	-19.7587
8.22	0.179026	0.983831	-6.17863	1.12428	-19.7587
8.23	0.116886	0.993132	-6.23704	0.734044	-19.7587
8.24	0.054285	0.998512	-6.27082	0.34091	-19.7587
8.25	-0.00853041	0.99995	-6.27986	-0.053571	-19.7587
8.26	-0.0713121	0.997441	-6.2641	-0.44784	-19.7587
8.27	-0.133812	0.990993	-6.22361	-0.840341	-19.7587
8.28	-0.195784	0.980634	-6.15855	-1.22952	-19.7587
8.29	-0.256983	0.966403	-6.06917	-1.61385	-19.7587
8.3	-0.317168	0.948357	-5.95584	-1.99181	-19.7587
8.31	-0.3761	0.926567	-5.81899	-2.36191	-19.7588
8.32	-0.433548	0.901119	-5.65918	-2.72268	-19.7588
8.33	-0.489284	0.872113	-5.47702	-3.0727	-19.7588
8.34	-0.543088	0.839665	-5.27323	-3.41059	-19.7588
8.35	-0.594748	0.803901	-5.04863	-3.73502	-19.7589
8.36	-0.644061	0.764964	-4.8041	-4.0447	-19.7589
8.37	-0.69083	0.723007	-4.54061	-4.33841	-19.7589
8.38	-0.734873	0.678196	-4.25918	-4.615	-19.759
8.39	-0.776014	0.630707	-3.96095	-4.87337	-19.759
8.4	-0.814092	0.580729	-3.64707	-5.1125	-19.759
8.41	-0.848955	0.528457	-3.3188	-5.33144	-19.7591
8.42	-0.880468	0.4741	-2.97743	-5.52934	-19.7591
8.43	-0.908504	0.417871	-2.6243	-5.70541	-19.7591
8.44	-0.932954	0.359992	-2.26081	-5.85895	-19.7591
8.45	-0.95372	0.300692	-1.88839	-5.98936	-19.7592
8.46	-0.970722	0.240204	-1.50852	-6.09613	-19.7592
8.47	-0.983891	0.178769	-1.1227	-6.17883	-19.7592
8.48	-0.993176	0.116628	-0.732442	-6.23714	-19.7592
8.49	-0.998539	0.0540261	-0.339293	-6.27083	-19.7592
8.5	-0.999961	-0.00878879	0.055195	-6.27976	-19.7592
8.51	-0.997436	-0.071569	0.449465	-6.2639	-19.7592
8.52	-0.990972	-0.134067	0.841961	-6.2233	-19.7592
8.53	-0.980596	-0.196035	1.23113	-6.15815	-19.7592
8.54	-0.966349	-0.25723	1.61545	-6.06867	-19.7592
8.55	-0.948287	-0.317409	1.99338	-5.95525	-19.7592
8.56	-0.926482	-0.376335	2.36344	-5.81831	-19.7591
8.57	-0.901019	-0.433775	2.72418	-5.6584	-19.7591
8.58	-0.871998	-0.489502	3.07416	-5.47615	-19.7591
8.59	-0.839535	-0.543298	3.412	-5.27228	-19.7591
8.6	-0.803758	-0.594948	3.73637	-5.0476	-19.759
8.61	-0.764808	-0.64425	4.046	-4.80299	-19.759
8.62	-0.722838	-0.691008	4.33965	-4.53942	-19.759
8.63	-0.678015	-0.735038	4.61616	-4.25793	-19.7589
8.64	-0.630515	-0.776167	4.87446	-3.95963	-19.7589
8.65	-0.580526	-0.814231	5.11351	-3.6457	-19.7589
8.66	-0.528245	-0.849081	5.33237	-3.31738	-19.7588
8.67	-0.473879	-0.880578	5.53018	-2.97596	-19.7588
8.68	-0.417641	-0.9086	5.70616	-2.62279	-19.7588
8.69	-0.359755	-0.933034	5.85961	-2.25926	-19.7588
8.7	-0.300449	-0.953785	5.98993	-1.88682	-19.7587
8.71	-0.239957	-0.970771	6.0966	-1.50693	-19.7587
8.72	-0.178517	-0.983924	6.17921	-1.12109	-19.7587
8.73	-0.116373	-0.993192	6.23741	-0.73082	-19.7587
8.74	-0.0537687	-0.99854	6.271	-0.337668	-19.7587
8.75	0.00904739	-0.999946	6.27983	0.0568176	-19.7587
8.76	0.0718278	-0.997404	6.26386	0.451079	-19.7587
8.77	0.134325	-0.990924	6.22317	0.843559	-19.7587
8.78	0.196291	-0.980533	6.15791	1.23271	-19.7587
8.79	0.257483	-0.96627	6.06834	1.61699	-19.7587
8.8	0.317658	-0.948193	5.95481	1.99489	-19.7587
8.81	0.376579	-0.926372	5.81777	2.36492	-19.7588
8.82	0.434013	-0.900894	5.65777	2.7256	-19.7588
8.83	0.489734	-0.87186	5.47543	3.07553	-19.7588
8.84	0.543522	-0.839384	5.27147	3.41332	-19.7588
8.85	0.595164	-0.803594	5.0467	3.73763	-19.7589
8.86	0.644456	-0.764631	4.80201	4.04718	-19.7589
8.87	0.691204	-0.72265	4.53836	4.34076	-19.7589
8.88	0.735223	-0.677816	4.2568	4.6172	-19.759
8.89	0.77634	-0.630306	3.95843	4.87542	-19.759
8.9	0.814392	-0.580308	3.64443	5.11438	-19.759
8.91	0.849229	-0.528018	3.31604	5.33316	-19.7591
8.92	0.880713	-0.473645	2.97457	5.53088	-19.7591
8.93	0.90872	-0.417401	2.62135	5.70676	-19.7591
8.94	0.93314	-0.359509	2.25778	5.86012	-19.7591
8.95	0.953875	-0.300198	1.8853	5.99034	-19.7592
8.96	0.970846	-0.239703	1.50537	6.09691	-19.7592
8.97	0.983983	-0.17826	1.1195	6.17941	-19.7592
8.98	0.993236	-0.116114	0.729217	6.23752	-19.7592
8.99	0.998567	-0.0535099	0.336051	6.271	-19.7592
9	0.999957	0.00930576	-0.0584417	6.27973	-19.7592
9.01	0.997398	0.0720847	-0.452704	6.26366	-19.7592
9.02	0.990903	0.134579	-0.845179	6.22287	-19.7592
9.03	0.980495	0.196542	-1.23432	6.15751	-19.7592
9.04	0.966216	0.257729	-1.61858	6.06784	-19.7592
9.05	0.948123	0.317899	-1.99646	5.95421	-19.7592
9.06	0.926287	0.376813	-2.36645	5.81708	-19.7591
9.07	0.900794	0.43424	-2.7271	5.65699	-19.7591
9.08	0.871745	0.489953	-3.07699	5.47456	-19.7591
9.09	0.839254	0.543732	-3.41473	5.27052	-19.7591
9.1	0.803451	0.595364	-3.73898	5.04567	-19.759
9.11	0.764475	0.644645	-4.04848	4.8009	-19.759
9.12	0.722481	0.691382	-4.34199	4.53718	-19.759
9.13	0.677635	0.735389	-4.61836	4.25555	-19.7589
9.14	0.630114	0.776493	-4.8765	3.95711	-19.7589
9.15	0.580105	0.814531	-5.11539	3.64306	-19.7589
9.16	0.527806	0.849354	-5.33408	3.31462	-19.7588
9.17	0.473423	0.880823	-5.53172	2.9731	-19.7588
9.18	0.417171	0.908816	-5.70751	2.61984	-19.7588
9.19	0.359273	0.93322	-5.86078	2.25623	-19.7588
9.2	0.299956	0.95394	-5.99091	1.88372	-19.7587
9.21	0.239455	0.970895	-6.09738	1.50378	-19.7587
9.22	0.178008	0.984016	-6.17978	1.11789	-19.7587
9.23	0.115859	0.993252	-6.23779	0.727595	-19.7587
9.24	0.0532525	0.998568	-6.27117	0.334426	-19.7587
9.25	-0.00956437	0.999941	-6.2798	-0.0600643	-19.7587
9.26	-0.0723435	0.997366	-6.26363	-0.454317	-19.7587
9.27	-0.134837	0.990855	-6.22273	-0.846776	-19.7587
9.28	-0.196798	0.980431	-6.15727	-1.23589	-19.7587
9.29	-0.257982	0.966137	-6.0675	-1.62013	-19.7587
9.3	-0.318148	0.948028	-5.95378	-1.99797	-19.7587
9.31	-0.377058	0.926177	-5.81655	-2.36792	-19.7588
9.32	-0.434479	0.90067	-5.65636	-2.72853	-19.7588
9.33	-0.490185	0.871607	-5.47384	-3.07836	-19.7588
9.34	-0.543956	0.839103	-5.26971	-3.41604	-19.7588
9.35	-0.595579	0.803286	-5.04477	-3.74024	-19.7589
9.36	-0.644851	0.764298	-4.79992	-4.04967	-19.7589
9.37	-0.691578	0.722293	-4.53612	-4.34311	-19.7589
9.38	-0.735574	0.677436	-4.25441	-4.6194	-19.759
9.39	-0.776666	0.629905	-3.95591	-4.87746	-19.759
9.4	-0.814692	0.579887	-3.64178	-5.11626	-19.759
9.41	-0.849501	0.527579	-3.31329	-5.33487	-19.7591
9.42	-0.880957	0.473189	-2.97171	-5.53241	-19.7591
9.43	-0.908936	0.416931	-2.6184	-5.70812	-19.7591
9.44	-0.933325	0.359027	-2.25475	-5.86128	-19.7591
9.45	-0.954031	0.299705	-1.8822	-5.99131	-19.7592
9.46	-0.970969	0.239201	-1.50222	-6.09769	-19.7592
9.47	-0.984075	0.177752	-1.11631	-6.17999	-19.7592
9.48	-0.993296	0.115601	-0.725992	-6.2379	-19.7592
9.49	-0.998595	0.0529936	-0.332809	-6.27118	-19.7592
9.5	-0.999952	-0.00982273	0.0616884	-6.2797	-19.7592
9.51	-0.997361	-0.0726003	0.455942	-6.26343	-19.7592
9.52	-0.990833	-0.135091	0.848396	-6.22243	-19.7592
9.53	-0.980393	-0.197049	1.2375	-6.15687	-19.7592
9.54	-0.966083	-0.258229	1.62172	-6.067	-19.7592
9.55	-0.947959	-0.318389	1.99954	-5.95318	-19.7592
9.56	-0.926092	-0.377292	2.36946	-5.81586	-19.7591
9.57	-0.90057	-0.434706	2.73003	-5.65558	-19.7591
9.58	-0.871492	-0.490404	3.07982	-5.47297	-19.7591
9.59	-0.838973	-0.544165	3.41745	-5.26875	-19.7591
9.6	-0.803143	-0.595779	3.74159	-5.04374	-19.759
9.61	-0.764141	-0.64504	4.05096	-4.79881	-19.759
9.62	-0.722123	-0.691755	4.34434	-4.53494	-19.759
9.63	-0.677255	-0.735739	4.62056	-4.25316	-19.7589
9.64	-0.629712	-0.776818	4.87855	-3.95459	-19.7589
9.65	-0.579684	-0.814831	5.11727	-3.64041	-19.7589
9.66	-0.527367	-0.849626	5.3358	-3.31186	-19.7588
9.67	-0.472968	-0.881068	5.53325	-2.97024	-19.7588
9.68	-0.416702	-0.909031	5.70887	-2.61689	-19.7588
9.69	-0.35879	-0.933406	5.86194	-2.2532	-19.7588
9.7	-0.299463	-0.954095	5.99188	-1.88063	-19.7587
9.71	-0.238953	-0.971018	6.09816	-1.50062	-19.7587
9.72	-0.1775	-0.984108	6.18036	-1.1147	-19.7587
9.73	-0.115346	-0.993312	6.23817	-0.72437	-19.7587
9.74	-0.0527362	-0.998595	6.27135	-0.331183	-19.7587
9.75	0.0100813	-0.999936	6.27976	0.0633109	-19.7587
9.76	0.0728591	-0.997329	6.26339	0.457555	-19.7587
9.77	0.135349	-0.990785	6.22229	0.849993	-19.7587
9.78	0.197305	-0.980329	6.15663	1.23908	-19.7587
9.79	0.258482	-0.966003	6.06666	1.62327	-19.7587
9.8	0.318638	-0.947864	5.95274	2.00105	-19.7587
9.81	0.377537	-0.925982	5.81532	2.37093	-19.7588
9.82	0.434945	-0.900445	5.65495	2.73145	-19.7588
9.83	0.490636	-0.871353	5.47224	3.08119	-19.7588
9.84	0.54439	-0.838821	5.26794	3.41877	-19.7588
9.85	0.595994	-0.802978	5.04284	3.74284	-19.7589
9.86	0.645246	-0.763964	4.79782	4.05215	-19.7589
9.87	0.691951	-0.721935	4.53387	4.34545	-19.7589
9.88	0.735924	-0.677055	4.25202	4.6216	-19.759
9.89	0.776991	-0.629503	3.95338	4.87951	-19.759
9.9	0.814991	-0.579465	3.63914	5.11815	-19.759
9.91	0.849774	-0.52714	3.31053	5.33658	-19.7591
9.92	0.881202	-0.472734	2.96885	5.53395	-19.7591
9.93	0.909151	-0.416461	2.61545	5.70947	-19.7591
9.94	0.933511	-0.358544	2.25172	5.86245	-19.7591
9.95	0.954185	-0.299212	1.8791	5.99228	-19.7592
9.96	0.971093	-0.238699	1.49907	6.09846	-19.7592
9.97	0.984167	-0.177243	1.11311	6.18057	-19.7592
9.98	0.993355	-0.115087	0.722767	6.23827	-19.7592
9.99	0.998622	-0.0524774	0.329567	6.27135	-19.7592
10	0.999947	0.0103397	-0.064935	6.27966	-19.7592
